tree
version=v4
num_class=1
num_tree_per_iteration=1
label_index=0
max_feature_idx=38
objective=quantile
feature_names=open high low close volume log_return_1 return_1 log_return_2 return_2 log_return_3 return_3 log_return_6 return_6 log_return_12 return_12 vol_std_10 vol_std_20 vol_std_50 candle_body candle_range upper_wick lower_wick volume_mean_20 volume_zscore_20 volume_mean_50 volume_zscore_50 ema_20 sma_20 price_minus_ema_20 slope_ema_20 ema_50 sma_50 price_minus_ema_50 slope_ema_50 rsi atr macd macd_signal macd_hist
feature_infos=[76322.419999999998:124658.53999999999] [82753.210000000006:126199.63] [74620:123084] [79607.300000000003:124658.53999999999] [3282.1735199999998:75488.287719999993] [-0.075859746128425054:0.079227189821365701] [-0.073053794763213609:0.082450215808146599] [-0.094928540621620677:0.092593775538753087] [-0.090562079985270771:0.097016010004315589] [-0.10834761560214169:0.095245245101140963] [-0.10268437870014435:0.099928574145531135] [-0.10977645175727252:0.10875645868141645] [-0.10396558017095736:0.11489079530098945] [-0.1557895489062793:0.1602457205237113] [-0.14426073731408195:0.1737992621279707] [0.0067906840391973805:0.042626859548273464] [0.0083264029843529708:0.033178686941418678] [0.012886872089589071:0.035213899660556033] [-8887.9100000000035:6292.8000000000029] [631.05999999999767:20550] [5.3999999999941792:3467.9100000000035] [0.0099999999947613105:10774.5] [11697.126923:29874.631144999999] [-1.9753316745089218:3.7278130734512267] [13707.372944919998:32492.508029000001] [-1.8298876082340298:5.3727706585931179] [82419.844256257697:118503.50695870617] [82559.6685:118285.32549999999] [-10013.467900281466:9193.2285211668932] [-1054.049252661207:967.70826538599795] [85135.587283359666:116006.97126196776] [84084.938200000004:116632.12039999999] [-14074.867321957587:14783.515439838986] [-574.48438048806565:603.40879346281872] [21.959172124347589:89.107707392197852] [1934.8592857142855:5336.999285714287] [-3280.5511495466781:4230.04785159936] [-2554.7542914800069:3915.8172951622596] [-1513.9483335155799:1367.8943281556512]
tree_sizes=802 766 675 676 677 677 768 756 762 758 677 597 678 765 685 686 752 679 682 680 673 676 759 679 677 674 675 765 674 765 763 767 759 765 762 678 672 767 758 767 761 842 764 760 779 682 852 765 761 763 847 683 674 758 763 753 760 761 849 674 847 852 680 845 847 763 676 846 932 766 770 762 844 755 762 759 749 930 850 842 854 842 678 587 685 679 677 677 758 763 844 845 756 846 766 839 842 774 764 682 680 764 845 742 854 931 761 834 673 760 753 684 769 680 757 681 595 681 677 861

Tree=0
num_leaves=8
num_cat=0
split_feature=3 11 13 19 35 34 0
split_gain=0.989941 1.52381 0.38481 0.481667 0.217438 0.4 0.038764
threshold=103194.12500000001 0.011774585548467508 -0.025007035214831264 2850.6800000000007 2663.9374999999995 64.155538763440134 106257.34000000001
decision_type=2 2 2 2 2 2 2
left_child=1 -1 3 -2 5 -4 -6
right_child=2 -3 4 -5 6 -7 -8
leaf_value=0.023068288088076195 0.02262500692460092 0.021618163848761938 0.022270233328873346 0.021776337652132539 0.021517297940634939 0.021572635276685553 0.021526068524553653
leaf_weight=21 25 21 20 24 20 20 69
leaf_count=21 25 21 20 24 20 20 69
internal_value=0.0220523 0.028957 0.020423 0.0241951 0.0189902 0.0220523 0.0176141
internal_weight=220 42 178 49 129 40 89
internal_count=220 42 178 49 129 40 89
is_linear=0
shrinkage=1


Tree=1
num_leaves=7
num_cat=0
split_feature=11 9 7 3 35 25
split_gain=0.943244 0.41158 1.25488 0.286602 0.167234 0.0983271
threshold=-0.042112448391832154 0.027545829086590975 0.028458274101315368 103194.12500000001 2582.247142857143 0.34086029350925512
decision_type=2 2 2 2 2 2
left_child=-1 3 -3 -2 -5 -6
right_child=1 2 -4 4 5 -7
leaf_value=0.00081738733359795312 0.00012987938445650822 0.0010651282401230784 -0.00030455924835983696 -3.9094483622381663e-06 -0.00064833100124335854 -0.00032962059123621589
leaf_weight=24 26 20 21 28 72 29
leaf_count=24 26 20 21 28 72 29
internal_value=0.000227272 -0.000918369 0.00353658 -0.00209678 -0.00306202 -0.0040099
internal_weight=220 196 41 155 129 101
internal_count=220 196 41 155 129 101
is_linear=0
shrinkage=0.05


Tree=2
num_leaves=6
num_cat=0
split_feature=1 9 28 35 1
split_gain=0.57041 0.337233 0.251674 0.184325 0.0396907
threshold=103846.25000000001 0.029152390773780498 -3377.0504122126654 2582.247142857143 119245.09000000001
decision_type=2 2 2 2 2
left_child=-1 2 -2 -4 -5
right_child=1 -3 3 4 -6
leaf_value=0.00082508096379601604 5.407554877883438e-05 0.00013894519556904608 -2.0244827414898676e-05 -0.00055196603270887259 -0.00043344962939466695
leaf_weight=33 30 30 30 77 20
leaf_count=33 30 30 30 77 20
internal_value=-0.000454547 -0.00152407 -0.00245223 -0.0034252 -0.00448454
internal_weight=220 187 157 127 97
internal_count=220 187 157 127 97
is_linear=0
shrinkage=0.05


Tree=3
num_leaves=6
num_cat=0
split_feature=1 9 28 35 1
split_gain=0.57041 0.337233 0.251674 0.184325 0.0396907
threshold=103846.25000000001 0.029152390773780498 -3377.0504122126654 2582.247142857143 119245.09000000001
decision_type=2 2 2 2 2
left_child=-1 2 -2 -4 -5
right_child=1 -3 3 4 -6
leaf_value=0.00078382691560621514 5.1371771339892599e-05 0.00013199793579059382 -1.9232586044153698e-05 -0.00052436773107342909 -0.00041177714792493359
leaf_weight=33 30 30 30 77 20
leaf_count=33 30 30 30 77 20
internal_value=-0.000454547 -0.00152407 -0.00245223 -0.0034252 -0.00448454
internal_weight=220 187 157 127 97
internal_count=220 187 157 127 97
is_linear=0
shrinkage=0.05


Tree=4
num_leaves=6
num_cat=0
split_feature=26 11 19 23 21
split_gain=0.39364 1.13706 0.226839 0.66691 0.258519
threshold=105191.03626933724 0.0075926366212189745 3777.2050000000022 0.17173585664522348 509.26999999999686
decision_type=2 2 2 2 2
left_child=1 -1 3 4 -2
right_child=2 -3 -4 -5 -6
leaf_value=0.00091581447089444847 -7.903668907465383e-05 -0.00031748465480225781 -0.00035672386253604138 0.00037624560307431953 -0.00019118795842471426
leaf_weight=20 37 37 44 27 55
leaf_count=20 37 37 44 27 55
internal_value=-0.000681819 0.00289474 -0.00193252 -0.000798321 -0.00282609
internal_weight=220 57 163 119 92
internal_count=220 57 163 119 92
is_linear=0
shrinkage=0.05


Tree=5
num_leaves=6
num_cat=0
split_feature=26 11 19 23 21
split_gain=0.39364 1.13706 0.226839 0.66691 0.258519
threshold=105191.03626933724 0.0075926366212189745 3777.2050000000022 0.17173585664522348 509.26999999999686
decision_type=2 2 2 2 2
left_child=1 -1 3 4 -2
right_child=2 -3 -4 -5 -6
leaf_value=0.00087002374734972609 -7.5084854620921193e-05 -0.00030161042206214495 -0.00033888766940923926 0.0003574333229206035 -0.00018162856050347857
leaf_weight=20 37 37 44 27 55
leaf_count=20 37 37 44 27 55
internal_value=-0.000681819 0.00289474 -0.00193252 -0.000798321 -0.00282609
internal_weight=220 57 163 119 92
internal_count=220 57 163 119 92
is_linear=0
shrinkage=0.05


Tree=6
num_leaves=7
num_cat=0
split_feature=26 11 24 38 13 15
split_gain=0.445258 1.13706 0.195375 0.283596 0.470525 0.391375
threshold=105191.03626933724 0.0075926366212189745 17979.965251020003 315.26147674161683 -0.034806756711469287 0.013699086192642667
decision_type=2 2 2 2 2 2
left_child=1 -1 3 4 -2 -6
right_child=2 -3 -4 -5 5 -7
leaf_value=0.00082652255998223983 -0.00022613779219664829 -0.00028652990095903762 -0.00045582846342782961 -0.00042680996650201882 -2.4506916572234091e-05 0.00072387176931714055
leaf_weight=20 27 37 46 34 27 29
leaf_count=20 27 37 46 34 27 29
internal_value=-0.000909092 0.00289474 -0.00223926 -0.00115385 0.000421686 0.00303571
internal_weight=220 57 163 117 83 56
internal_count=220 57 163 117 83 56
is_linear=0
shrinkage=0.05


Tree=7
num_leaves=7
num_cat=0
split_feature=13 26 15 4 11 0
split_gain=0.532008 0.625 0.312765 0.81244 0.140581 0.025
threshold=-0.025007035214831264 112057.59002326783 0.015069809414189192 16548.873320000002 -0.0095093364266372309 115250.15000000001
decision_type=2 2 2 2 2 2
left_child=1 -1 3 5 -4 -2
right_child=2 -3 4 -5 -6 -7
leaf_value=0.00051771270914209079 -7.3703450716312209e-05 -5.3542278640476147e-05 -0.00042086324558712859 0.00077288974934651194 -0.00037125271302266741 -0.00040992810607410327
leaf_weight=24 20 36 22 23 75 20
leaf_count=24 20 36 22 23 75 20
internal_value=-0.000681819 0.00333333 -0.0021875 0.000555554 -0.00396907 -0.00375
internal_weight=220 60 160 63 97 40
internal_count=220 60 160 63 97 40
is_linear=0
shrinkage=0.05


Tree=8
num_leaves=7
num_cat=0
split_feature=26 11 35 15 13 0
split_gain=0.445258 1.13706 0.379339 0.49 0.143241 0.230488
threshold=105191.03626933724 0.0075926366212189745 2663.9374999999995 0.013699086192642667 -0.030791846509059102 109643.72500000002
decision_type=2 2 2 2 2 2
left_child=1 -1 3 -2 5 -4
right_child=2 -3 4 -5 -6 -7
leaf_value=0.00075931079652602311 -0.00017101164397721969 -0.00025755330412317623 -9.5070967534032516e-05 0.00039102974362778179 -0.00050294445041979647 0.00010266649652178251
leaf_weight=20 25 37 21 20 77 20
leaf_count=20 25 37 21 20 77 20
internal_value=-0.000909092 0.00289474 -0.00223926 0.00166667 -0.00372881 -0.00134146
internal_weight=220 57 163 45 118 41
internal_count=220 57 163 45 118 41
is_linear=0
shrinkage=0.05


Tree=9
num_leaves=7
num_cat=0
split_feature=9 7 11 16 0 1
split_gain=0.484 1.25488 0.375443 0.168233 0.213333 0.0404762
threshold=0.027545829086590975 0.028458274101315368 -0.042112448391832154 0.015441647108864731 117303.57500000001 103846.25000000001
decision_type=2 2 2 2 2 2
left_child=2 -2 -1 4 -4 -5
right_child=1 -3 3 5 -6 -7
leaf_value=0.00068646095278011214 0.00079588978449726786 -0.00024774622704923534 2.2516480273823802e-05 -0.00016084263547899263 -0.00053270013955598221 -0.00037724974400133099
leaf_weight=24 20 21 30 20 20 85
leaf_count=24 20 21 30 20 20 85
internal_value=-0.00136364 0.00353658 -0.00248603 -0.0033871 -0.001 -0.00452381
internal_weight=220 41 179 155 50 105
internal_count=220 41 179 155 50 105
is_linear=0
shrinkage=0.05


Tree=10
num_leaves=6
num_cat=0
split_feature=15 4 5 20 20
split_gain=0.453122 1.2931 0.350013 0.540601 0.294828
threshold=0.016057323143553241 16548.873320000002 -0.00094115133419280731 555.42500000000302 690.87500000000011
decision_type=2 2 2 2 2
left_child=1 4 3 -2 -1
right_child=2 -3 -4 -5 -6
leaf_value=-0.00049539193971763018 0.00062673333783144411 0.00066379269281807436 -0.00033665604160980573 -0.00033312482374266866 1.5091294563460844e-05
leaf_weight=38 31 29 75 27 20
leaf_count=38 31 29 75 27 20
internal_value=-0.000909092 0.00189655 -0.00274436 0.000172413 -0.00241379
internal_weight=220 87 133 58 58
internal_count=220 87 133 58 58
is_linear=0
shrinkage=0.05


Tree=11
num_leaves=5
num_cat=0
split_feature=9 11 35 25
split_gain=0.362902 0.358675 0.405595 0.10936
threshold=0.035368114392512189 -0.042112448391832154 2484.2385714285715 -0.81285106439421095
decision_type=2 2 2 2
left_child=1 -1 -3 -4
right_child=-2 2 3 -5
leaf_value=0.00062024534690863654 0.00019467950676045273 2.9701559749506361e-05 -0.0002055840034427073 -0.00033611082795211781
leaf_weight=24 29 27 29 111
leaf_count=24 29 27 29 111
internal_value=-0.00159091 -0.0023822 -0.00320359 -0.00428572
internal_weight=220 191 167 140
internal_count=220 191 167 140
is_linear=0
shrinkage=0.05


Tree=12
num_leaves=6
num_cat=0
split_feature=15 20 5 20 4
split_gain=0.453122 1.27889 0.350013 0.540601 0.123077
threshold=0.016057323143553241 690.87500000000011 -0.00094115133419280731 555.42500000000302 13965.194605000002
decision_type=2 2 2 2 2
left_child=1 4 3 -2 -1
right_child=2 -3 -4 -5 -6
leaf_value=-0.0004330482167395264 0.00058566270991638786 0.00061294700736320529 -0.00031363355164956355 -0.00029966304115792937 -0.00033988157363663764
leaf_weight=32 31 35 75 27 20
leaf_count=32 31 35 75 27 20
internal_value=-0.000909092 0.00189655 -0.00274436 0.000172413 -0.00307692
internal_weight=220 87 133 58 52
internal_count=220 87 133 58 52
is_linear=0
shrinkage=0.05


Tree=13
num_leaves=7
num_cat=0
split_feature=9 7 1 22 15 9
split_gain=0.484 1.25488 0.375443 0.228512 0.419048 0.0411504
threshold=0.027545829086590975 0.028458274101315368 103846.25000000001 14642.092209900004 0.013699086192642667 -0.039021336714203943
decision_type=2 2 2 2 2 2
left_child=2 -2 -1 4 -4 -5
right_child=1 -3 3 5 -6 -7
leaf_value=0.00011451590282110985 0.00071254079853805264 -0.00021257841137182779 -0.00052546281680246982 -3.6715561857502537e-05 0.00031844392437901481 -0.00034556774149284588
leaf_weight=24 20 21 22 20 20 93
leaf_count=24 20 21 22 20 20 93
internal_value=-0.00136364 0.00353658 -0.00248603 -0.0033871 -0.000238096 -0.00455752
internal_weight=220 41 179 155 42 113
internal_count=220 41 179 155 42 113
is_linear=0
shrinkage=0.05


Tree=14
num_leaves=6
num_cat=0
split_feature=1 35 15 11 9
split_gain=0.542246 0.253955 0.555042 0.144048 0.0416667
threshold=103846.25000000001 2649.2046428571439 0.013699086192642667 -0.041391076015241765 0.025887007753431158
decision_type=2 2 2 2 2
left_child=-1 2 -2 -3 -5
right_child=1 3 -4 4 -6
leaf_value=0.00044202888803765569 -0.00041079803713743655 2.8800809031132461e-05 0.00047086334884505524 -0.0003221022881859013 -2.1823363835922325e-05
leaf_weight=33 24 20 23 100 20
leaf_count=33 24 20 23 100 20
internal_value=-0.00181818 -0.00286096 0.000319148 -0.00392857 -0.00458333
internal_weight=220 187 47 140 120
internal_count=220 187 47 140 120
is_linear=0
shrinkage=0.05


Tree=15
num_leaves=6
num_cat=0
split_feature=11 35 28 15 13
split_gain=0.422531 0.473792 0.388114 0.160891 0.131034
threshold=0.0071570004566914079 2663.9374999999995 -2690.3937686988352 0.015069809414189192 0.017521913975169074
decision_type=2 2 2 2 2
left_child=1 -1 -3 -2 -4
right_child=3 2 4 -5 -6
leaf_value=0.00039743092218757201 -1.3774690992511977e-05 0.00024811727544567545 -0.00047338639307368001 -0.00035435021992068585 -1.2304049665326786e-05
leaf_weight=25 36 36 38 65 20
leaf_count=25 36 36 38 65 20
internal_value=-0.00113636 0.000882352 -0.000744682 -0.00351485 -0.00327586
internal_weight=220 119 94 101 58
internal_count=220 119 94 101 58
is_linear=0
shrinkage=0.05


Tree=16
num_leaves=7
num_cat=0
split_feature=27 38 20 20 13 0
split_gain=0.356093 0.760206 0.143133 0.252479 0.250216 0.0327586
threshold=105693.79875 186.9006080545914 468.73500000000064 790.66999999999837 -0.025007035214831264 116019.71000000001
decision_type=2 2 2 2 2 2
left_child=1 -1 -2 4 -4 -5
right_child=2 -3 3 5 -6 -7
leaf_value=0.00045482434778829918 -0.00023214043730687478 -0.00018531380845260048 0.00054658462049844475 -0.00028863195947326806 -0.00038846700180898209 -0.00033856727899901488
leaf_weight=22 66 32 20 38 22 20
leaf_count=22 66 32 20 38 22 20
internal_value=-0.00204546 0.00148148 -0.00319277 -0.002 0.00095238 -0.00413793
internal_weight=220 54 166 100 42 58
internal_count=220 54 166 100 42 58
is_linear=0
shrinkage=0.05


Tree=17
num_leaves=6
num_cat=0
split_feature=15 20 24 20 5
split_gain=0.440955 1.21356 0.307143 0.274158 0.445157
threshold=0.016514820025362056 690.87500000000011 16802.494693510005 555.42500000000302 1.0000000180025095e-35
decision_type=2 2 2 2 2
left_child=1 2 -1 4 -2
right_child=3 -3 -4 -5 -6
leaf_value=-0.00040401895319616248 0.00048481748018004808 0.00048728913491981525 1.1815387375012663e-05 -0.00027758539353484008 -0.00026810866979822982
leaf_weight=43 27 36 20 69 25
leaf_count=43 27 36 20 69 25
internal_value=-0.000909092 0.00156566 -0.00261905 -0.00293389 -0.000192309
internal_weight=220 99 63 121 52
internal_count=220 99 63 121 52
is_linear=0
shrinkage=0.05


Tree=18
num_leaves=6
num_cat=0
split_feature=9 7 1 22 9
split_gain=0.529937 1.25488 0.412351 0.186154 0.0418699
threshold=0.027545829086590975 0.028458274101315368 103846.25000000001 14200.118981900001 -0.039021336714203943
decision_type=2 2 2 2 2
left_child=2 -2 -1 -4 -5
right_child=1 -3 3 4 -6
leaf_value=6.1217777151535759e-05 0.00058240832822475095 -0.00019724356440623512 -6.5161376434547523e-05 -5.7726408194633066e-05 -0.00024096934325611754
leaf_weight=24 20 21 32 20 103
leaf_count=24 20 21 32 20 103
internal_value=-0.00159091 0.00353658 -0.00276536 -0.00370968 -0.0045935
internal_weight=220 41 179 155 123
internal_count=220 41 179 155 123
is_linear=0
shrinkage=0.05


Tree=19
num_leaves=6
num_cat=0
split_feature=1 9 22 25 19
split_gain=0.542246 0.21836 0.143725 0.0603747 0.109091
threshold=103846.25000000001 0.035368114392512189 14200.118981900001 0.34086029350925512 4295.9450000000006
decision_type=2 2 2 2 2
left_child=-1 2 -2 -4 -5
right_child=1 -3 3 4 -6
leaf_value=0.00035998395669758609 -6.4918676028807455e-05 1.1754801244477616e-05 -0.00023760742300864756 -4.9951167609383554e-06 -0.00017445997722721123
leaf_weight=33 34 22 87 20 24
leaf_count=33 34 22 87 20 24
internal_value=-0.00181818 -0.00286096 -0.00348485 -0.00423664 -0.00272727
internal_weight=220 187 165 131 44
internal_count=220 187 165 131 44
is_linear=0
shrinkage=0.05


Tree=20
num_leaves=6
num_cat=0
split_feature=38 35 27 24 0
split_gain=0.363853 0.922504 0.435015 0.254917 0.0348485
threshold=315.26147674161683 2649.2046428571439 105693.79875 16182.065006410003 96661.960000000006
decision_type=2 2 2 2 2
left_child=1 -1 -3 -4 -2
right_child=4 2 3 -5 -6
leaf_value=0.00039605961962708162 -0.00016420730961332625 9.7375355622164388e-05 -8.3648073980499562e-07 -0.00026826665399865414 -0.00031955309766824343
leaf_weight=31 20 20 39 64 46
leaf_count=31 20 20 39 64 46
internal_value=-0.00113636 0.000194804 -0.00174797 -0.00305825 -0.00424243
internal_weight=220 154 123 103 66
internal_count=220 154 123 103 66
is_linear=0
shrinkage=0.05


Tree=21
num_leaves=6
num_cat=0
split_feature=13 34 27 15 34
split_gain=0.350189 0.714583 0.230114 0.425926 0.0747475
threshold=-0.025007035214831264 36.589669232656199 105693.79875 0.021742839744652326 62.864895988691565
decision_type=2 2 2 2 2
left_child=1 -1 3 -2 -4
right_child=2 -3 4 -5 -6
leaf_value=-8.9185868418711474e-05 0.00011104175993636142 0.00046517360215064661 -0.00022833623275342105 -0.00021518878139022428 -0.00031990581486917289
leaf_weight=32 27 28 74 23 36
leaf_count=32 27 28 74 23 36
internal_value=-0.00159091 0.00166667 -0.0028125 -1.19209e-09 -0.00409091
internal_weight=220 60 160 50 110
internal_count=220 60 160 50 110
is_linear=0
shrinkage=0.05


Tree=22
num_leaves=7
num_cat=0
split_feature=38 35 27 28 0 0
split_gain=0.363853 0.862252 0.432273 0.216124 0.037013 0.0348485
threshold=315.26147674161683 2663.9374999999995 105693.79875 -3659.2525071798004 115250.15000000001 96661.960000000006
decision_type=2 2 2 2 2 2
left_child=1 -1 -3 -4 -5 -2
right_child=5 2 3 4 -6 -7
leaf_value=0.00033626903050240425 -0.00014686865038073647 8.5183848654169604e-05 -5.0496982307792862e-06 -0.00029573645598839272 -0.00033260641149715216 -0.00028986939650644167
leaf_weight=32 20 20 25 57 20 46
leaf_count=32 20 20 25 57 20 46
internal_value=-0.00113636 0.000194804 -0.00172131 -0.00303922 -0.00435065 -0.00424243
internal_weight=220 154 122 102 77 66
internal_count=220 154 122 102 77 66
is_linear=0
shrinkage=0.05


Tree=23
num_leaves=6
num_cat=0
split_feature=26 38 28 16 16
split_gain=0.400693 1.2383 0.175329 0.155244 0.321406
threshold=105191.03626933724 39.801561436869868 -3659.2525071798004 0.015441647108864731 0.013746246918398748
decision_type=2 2 2 2 2
left_child=1 -1 -2 4 -4
right_child=2 -3 3 -5 -6
leaf_value=0.00040333263196672473 -4.7972133192403474e-06 -0.00013689766033186078 -8.1944227938200961e-05 -0.00025636800224047737 9.2437527787189667e-05
leaf_weight=21 25 36 32 79 27
leaf_count=21 25 36 32 79 27
internal_value=-0.00159091 0.00201754 -0.00285276 -0.00355073 -0.00161017
internal_weight=220 57 163 138 59
internal_count=220 57 163 138 59
is_linear=0
shrinkage=0.05


Tree=24
num_leaves=6
num_cat=0
split_feature=1 20 35 28 15
split_gain=0.462032 0.271692 0.377206 0.451434 0.0364865
threshold=103846.25000000001 385.45000000000442 2649.2046428571439 -3227.433855216615 0.015069809414189192
decision_type=2 2 2 2 2
left_child=-1 -2 -3 -4 -5
right_child=1 2 3 4 -6
leaf_value=0.00029297281887422208 -0.0002022052271125752 0.00023118903897015482 1.0633948064926913e-05 -0.00016984155451519489 -0.00032293009558773844
leaf_weight=33 63 27 23 20 54
leaf_count=33 63 27 23 20 54
internal_value=-0.00136364 -0.0023262 -0.000967743 -0.00242268 -0.00432433
internal_weight=220 187 124 97 74
internal_count=220 187 124 97 74
is_linear=0
shrinkage=0.05


Tree=25
num_leaves=6
num_cat=0
split_feature=13 34 28 28 18
split_gain=0.492614 0.966964 0.179339 0.726316 0.0380952
threshold=-0.025007035214831264 36.589669232656199 2428.5927710892215 4105.4136315933001 -1209.8149999999948
decision_type=2 2 2 2 2
left_child=1 -1 4 -4 -2
right_child=2 -3 3 -5 -6
leaf_value=-8.7075889178685897e-05 -0.00041762585242829898 0.00040792541072398483 0.00011271593364723127 -0.00021233637346685462 -0.00018916140307190664
leaf_weight=32 20 28 30 46 64
leaf_count=32 20 28 30 46 64
internal_value=-0.00136364 0.0025 -0.0028125 -0.00105263 -0.00440476
internal_weight=220 60 160 76 84
internal_count=220 60 160 76 84
is_linear=0
shrinkage=0.05


Tree=26
num_leaves=6
num_cat=0
split_feature=4 35 0 17 4
split_gain=0.47158 0.28944 0.480149 0.165217 0.116667
threshold=27336.758478500004 2728.3567857142857 108966.33000000002 0.015949612385818188 14282.893320000001
decision_type=2 2 2 2 2
left_child=1 2 -1 -3 -4
right_child=-2 3 4 -5 -6
leaf_value=0.00031568718553972577 0.00023177350526975172 -1.0625513162730941e-05 -0.00023966509540018405 -0.00024355634226010654 -4.7023879802060095e-06
leaf_weight=23 34 20 28 95 20
leaf_count=23 34 20 28 95 20
internal_value=-0.00159091 -0.00258065 -7.04237e-05 -0.00413044 -0.00291667
internal_weight=220 186 71 115 48
internal_count=220 186 71 115 48
is_linear=0
shrinkage=0.05


Tree=27
num_leaves=7
num_cat=0
split_feature=23 15 13 18 1 5
split_gain=0.476677 1.1616 0.251196 0.169631 0.309626 0.0282609
threshold=0.14513978333246955 0.015405217579829445 -0.025007035214831264 201.83499999999916 107558.87500000001 -0.0063199018267365544
decision_type=2 2 2 2 2 2
left_child=3 -2 -3 4 -1 -6
right_child=1 2 -4 -5 5 -7
leaf_value=9.9494408758835217e-05 0.00017645889200904678 0.00026612457153800064 -0.00012825345051407637 -0.00019310451771712743 -0.00057187930345068132 -0.00017462122313029207
leaf_weight=25 26 22 35 66 20 26
leaf_count=25 26 22 35 66 20 26
internal_value=-0.00136364 0.0016265 -0.00236842 -0.00317518 -0.00147887 -0.00391304
internal_weight=220 83 57 137 71 46
internal_count=220 83 57 137 71 46
is_linear=0
shrinkage=0.05


Tree=28
num_leaves=6
num_cat=0
split_feature=15 20 24 20 32
split_gain=0.347521 0.938312 0.307143 0.274158 0.655594
threshold=0.016514820025362056 690.87500000000011 16802.494693510005 555.42500000000302 728.18126926502748
decision_type=2 2 2 2 2
left_child=1 2 -1 4 -2
right_child=3 -3 -4 -5 -6
leaf_value=-0.00028348315572818394 0.00043129414606653081 0.00031715740961991252 2.953148767861973e-06 -0.00019638220235224346 -0.00013565987130242311
leaf_weight=43 22 36 20 69 30
leaf_count=43 22 36 20 69 30
internal_value=-0.00113636 0.0010606 -0.00261905 -0.00293389 -0.000192309
internal_weight=220 99 63 121 52
internal_count=220 99 63 121 52
is_linear=0
shrinkage=0.05


Tree=29
num_leaves=7
num_cat=0
split_feature=9 5 11 17 2 1
split_gain=0.754881 0.936643 0.412351 0.107301 0.257331 0.0321429
threshold=0.027545829086590975 0.013439608272862559 -0.042112448391832154 0.016679360248533979 110647.32000000002 119245.09000000001
decision_type=2 2 2 2 2 2
left_child=2 -2 -1 4 -4 -6
right_child=1 -3 3 -5 5 -7
leaf_value=0.00038447130153911589 0.00026993341300674028 -0.00020365410331348607 1.8678321698436478e-05 -0.00017489936822631766 -0.0001721382386366879 -0.00041659689344138851
leaf_weight=24 20 21 20 79 36 20
leaf_count=24 20 21 20 79 36 20
internal_value=-0.00136364 0.0047561 -0.00276536 -0.00370968 -0.00236842 -0.00410714
internal_weight=220 41 179 155 76 56
internal_count=220 41 179 155 76 56
is_linear=0
shrinkage=0.05


Tree=30
num_leaves=7
num_cat=0
split_feature=1 11 22 22 13 1
split_gain=0.33164 0.191087 0.390188 0.100679 0.212095 0.0256098
threshold=103846.25000000001 0.016721991603579889 14200.118981900001 20027.427131125001 -0.028543502429205236 117444.52000000002
decision_type=2 2 2 2 2 2
left_child=-1 2 -2 4 -4 -6
right_child=1 -3 3 -5 5 -7
leaf_value=0.00021543938388803087 0.00025147450577668899 -7.3453733472855765e-05 3.2678546477314797e-05 -0.00014176374187774987 -0.0002737949497906526 -0.00059667980768374966
leaf_weight=33 21 67 20 38 21 20
leaf_count=33 21 67 20 38 21 20
internal_value=-0.00204546 -0.00286096 -0.00166667 -0.0029798 -0.00172131 -0.00378049
internal_weight=220 187 120 99 61 41
internal_count=220 187 120 99 61 41
is_linear=0
shrinkage=0.05


Tree=31
num_leaves=7
num_cat=0
split_feature=11 22 20 7 5 0
split_gain=0.437045 0.574174 0.966173 0.796224 0.150872 0.0282609
threshold=0.0071570004566914079 20027.427131125001 357.24500000000268 -0.0041870317435043786 0.019222191294423558 105110.36500000001
decision_type=2 2 2 2 2 2
left_child=1 2 -1 -4 -2 -3
right_child=4 5 3 -5 -6 -7
leaf_value=-0.00015635606086927887 -0.00023348277559051591 -1.5591317325058811e-05 -2.0533781254628341e-05 0.00028129413396040833 -7.0768650864090431e-05 -0.00015641620570564665
leaf_weight=24 80 20 25 24 21 26
leaf_count=24 80 20 25 24 21 26
internal_value=-0.00159091 0.000462184 0.00321918 0.0072449 -0.0040099 -0.00391304
internal_weight=220 119 73 49 101 46
internal_count=220 119 73 49 101 46
is_linear=0
shrinkage=0.05


Tree=32
num_leaves=7
num_cat=0
split_feature=9 5 4 22 15 1
split_gain=0.646908 0.936643 0.340266 0.38627 0.58072 0.0412281
threshold=0.027545829086590975 0.013439608272862559 27641.952580000001 14642.092209900004 0.0135301555698626 117444.52000000002
decision_type=2 2 2 2 2 2
left_child=2 -2 3 4 -1 -5
right_child=1 -3 -4 5 -6 -7
leaf_value=-0.0004535197272833993 0.00023089228521036846 -0.00018626027893096434 0.00018232211538591993 -0.00017148390966306517 0.00014020748571658774 -0.00027833536828620155
leaf_weight=20 20 21 24 94 21 20
leaf_count=20 20 21 24 94 21 20
internal_value=-0.000909092 0.0047561 -0.00220671 -0.00306452 0.00109756 -0.0045614
internal_weight=220 41 179 155 41 114
internal_count=220 41 179 155 41 114
is_linear=0
shrinkage=0.05


Tree=33
num_leaves=7
num_cat=0
split_feature=5 16 16 16 15 4
split_gain=0.477686 0.509386 0.882883 0.333333 0.181818 0.114894
threshold=0.0026235507325080812 0.017997784313834978 0.016968459689219426 0.014966726466086591 0.015069809414189192 22631.283590000003
decision_type=2 2 2 2 2 2
left_child=1 2 3 -1 -2 -3
right_child=4 5 -4 -5 -6 -7
leaf_value=1.1280326634468727e-05 -3.0842946634801e-06 -0.00026651199846631319 0.00026667363074848012 -0.0004008029451358716 -0.00017837637124478529 3.5614615032797004e-05
leaf_weight=30 33 27 24 20 66 20
leaf_count=30 33 27 24 20 66 20
internal_value=-0.000909092 0.00119835 0.00378378 -1.19209e-09 -0.00348485 -0.00287234
internal_weight=220 121 74 50 99 47
internal_count=220 121 74 50 99 47
is_linear=0
shrinkage=0.05


Tree=34
num_leaves=7
num_cat=0
split_feature=13 34 34 1 16 30
split_gain=0.547973 1.33789 0.677352 0.173508 0.143882 0.230488
threshold=-0.011996819099346906 36.589669232656199 45.819783921155796 101632.82000000002 0.015441647108864731 111119.69175858604
decision_type=2 2 2 2 2 2
left_child=1 -1 -3 -2 5 -5
right_child=3 2 -4 4 -6 -7
leaf_value=-9.0891581918729411e-05 -7.6210549152548024e-05 0.00027669271922597488 4.6288301880652845e-06 7.2215603177506991e-05 -0.00011896381778680448 -0.00029493947224101406
leaf_weight=34 26 20 21 20 78 21
leaf_count=34 26 20 21 20 78 21
internal_value=-0.00113636 0.00233333 0.00841463 -0.00293104 -0.0037395 -0.00134146
internal_weight=220 75 41 145 119 41
internal_count=220 75 41 145 119 41
is_linear=0
shrinkage=0.05


Tree=35
num_leaves=6
num_cat=0
split_feature=1 9 26 16 30
split_gain=0.462032 0.227873 0.161897 0.125885 0.254348
threshold=103846.25000000001 0.029152390773780498 116184.28551282377 0.015441647108864731 111119.69175858604
decision_type=2 2 2 2 2
left_child=-1 2 3 4 -2
right_child=1 -3 -4 -5 -6
leaf_value=0.0001801905246981691 6.8604823018631568e-05 6.6544586583342682e-06 -2.3532195624810044e-06 -0.00014243400981286147 -0.00016305275251504367
leaf_weight=33 20 30 28 83 26
leaf_count=33 20 30 28 83 26
internal_value=-0.00136364 -0.0023262 -0.00308917 -0.00383721 -0.00173913
internal_weight=220 187 157 129 46
internal_count=220 187 157 129 46
is_linear=0
shrinkage=0.05


Tree=36
num_leaves=6
num_cat=0
split_feature=15 20 21 20 32
split_gain=0.5455 1.05195 0.386032 0.274158 0.655594
threshold=0.016514820025362056 690.87500000000011 516.7150000000039 555.42500000000302 728.18126926502748
decision_type=2 2 2 2 2
left_child=1 2 -1 4 -2
right_child=3 -3 -4 -5 -6
leaf_value=5.1838446720961252e-06 0.00037533103339057651 0.00023004765707593865 -0.00031110225133198881 -0.00014160837838405279 -8.2294697032182714e-05
leaf_weight=25 22 36 38 69 30
leaf_count=25 22 36 38 69 30
internal_value=-0.000681819 0.00207071 -0.0018254 -0.00293389 -0.000192309
internal_weight=220 99 63 121 52
internal_count=220 99 63 121 52
is_linear=0
shrinkage=0.05


Tree=37
num_leaves=7
num_cat=0
split_feature=9 5 11 16 30 13
split_gain=0.699853 0.936643 0.375443 0.168233 0.375652 0.0404762
threshold=0.027545829086590975 0.013439608272862559 -0.042112448391832154 0.015441647108864731 112039.13425335991 -0.041742236513500015
decision_type=2 2 2 2 2 2
left_child=2 -2 -1 4 -4 -5
right_child=1 -3 3 5 -6 -7
leaf_value=0.00032401614800036288 0.00018529919690934957 -0.00017126591650016968 3.8418518967652113e-05 -1.0470638110094258e-05 -0.00028158170529484611 -0.00014355071981750093
leaf_weight=24 20 21 23 20 27 85
leaf_count=24 20 21 23 20 27 85
internal_value=-0.00113636 0.0047561 -0.00248603 -0.0033871 -0.001 -0.00452381
internal_weight=220 41 179 155 50 105
internal_count=220 41 179 155 50 105
is_linear=0
shrinkage=0.05


Tree=38
num_leaves=7
num_cat=0
split_feature=22 38 32 28 16 1
split_gain=0.418667 0.768862 0.425815 0.982987 0.211712 0.147368
threshold=20027.427131125001 -625.66436645753208 5495.2606047990203 4424.6223665166917 0.014966726466086591 95545.765000000014
decision_type=2 2 2 2 2 2
left_child=1 -1 4 -4 -3 -2
right_child=5 2 3 -5 -6 -7
leaf_value=0.00023902697189051122 3.1010681566957755e-05 -4.785588055766416e-05 4.115075468031711e-05 -0.00019963295698221151 -0.00024023714293759765 -8.7611459357206798e-05
leaf_weight=20 20 27 22 28 47 56
leaf_count=20 20 27 22 28 47 56
internal_value=-0.000681819 0.000902777 -0.000564517 0.003 -0.00297297 -0.00368421
internal_weight=220 144 124 50 74 76
internal_count=220 144 124 50 74 76
is_linear=0
shrinkage=0.05


Tree=39
num_leaves=7
num_cat=0
split_feature=9 5 15 22 15 3
split_gain=0.547263 0.936643 0.398046 0.4496 0.13848 0.0406542
threshold=0.027545829086590975 0.013439608272862559 0.0099608237026867965 14642.092209900004 0.02536370922229458 103194.12500000001
decision_type=2 2 2 2 2 2
left_child=2 -2 -1 -4 5 -5
right_child=1 -3 3 4 -6 -7
leaf_value=1.4990515747455785e-05 0.00017699262332735347 -0.00015272097549685123 4.0288407111911807e-06 -1.1575776245178931e-05 -9.0072593909653825e-05 -0.00020748636055650072
leaf_weight=20 20 21 32 20 20 87
leaf_count=20 20 21 32 20 20 87
internal_value=-0.000454547 0.0047561 -0.00164805 -0.00248428 -0.0038189 -0.00453271
internal_weight=220 41 179 159 127 107
internal_count=220 41 179 159 127 107
is_linear=0
shrinkage=0.05


Tree=40
num_leaves=7
num_cat=0
split_feature=20 15 21 31 2 0
split_gain=0.367349 0.851806 0.881098 0.392857 0.144444 0.139394
threshold=385.45000000000442 0.01868695828099029 745.72000000000128 113716.02530000001 104224.87000000001 110225.50000000001
decision_type=2 2 2 2 2 2
left_child=4 2 3 -2 -1 -3
right_child=1 5 -4 -5 -6 -7
leaf_value=-1.0353467164768494e-05 0.00014935752443911047 -0.00014235799291623973 3.9121139118977901e-05 -0.00020824251033737715 -8.9359766683473499e-05 -0.00014280277277814039
leaf_weight=20 28 46 32 22 52 20
leaf_count=20 28 46 32 22 52 20
internal_value=-0.000681819 0.000743242 0.00414634 -1.19209e-09 -0.00361111 -0.00348485
internal_weight=220 148 82 50 72 66
internal_count=220 148 82 50 72 66
is_linear=0
shrinkage=0.05


Tree=41
num_leaves=8
num_cat=0
split_feature=21 11 22 20 7 5 0
split_gain=0.438658 0.613992 0.582808 1.04321 0.645747 0.1 0.034127
threshold=423.81499999999511 0.031877689260670063 20027.427131125001 357.24500000000268 -0.0041870317435043786 -0.0067107003756758116 106257.34000000001
decision_type=2 2 2 2 2 2 2
left_child=6 2 3 -2 -5 -4 -1
right_child=1 -3 5 4 -6 -7 -8
leaf_value=-0.0003243930298141187 -0.00017054941564676037 -0.00015830445548398189 -5.9642528961911669e-06 7.1660627637967167e-05 0.0002315634888071824 -9.9945404192848671e-05 -0.00017985295213139696
leaf_weight=20 27 36 20 25 29 20 43
leaf_count=20 27 36 20 25 29 20 43
internal_value=-0.000681819 0.000732483 0.00243802 0.00487654 0.00888889 -0.0025 -0.00420635
internal_weight=220 157 121 81 54 40 63
internal_count=220 157 121 81 54 40 63
is_linear=0
shrinkage=0.05


Tree=42
num_leaves=7
num_cat=0
split_feature=9 5 4 22 15 37
split_gain=0.646908 0.429501 0.340266 0.193074 0.371661 0.14673
threshold=0.027545829086590975 0.013439608272862559 27641.952580000001 14642.092209900004 0.0135301555698626 2879.9698214080977
decision_type=2 2 2 2 2 2
left_child=2 -2 3 4 -1 -5
right_child=1 -3 -4 5 -6 -7
leaf_value=-0.00039634163426853551 0.00015405758133490543 -0.00014463757754152475 0.00011932248690744766 -0.00014146457600940396 0.00011455240890852282 -5.9488563741961536e-05
leaf_weight=20 20 21 24 92 21 22
leaf_count=20 20 21 24 92 21 22
internal_value=-0.000909092 0.0047561 -0.00220671 -0.00306452 -0.000121952 -0.00412281
internal_weight=220 41 179 155 41 114
internal_count=220 41 179 155 41 114
is_linear=0
shrinkage=0.05


Tree=43
num_leaves=7
num_cat=0
split_feature=18 26 32 19 18 2
split_gain=0.476426 0.87578 0.300997 0.681818 0.247619 0.0287234
threshold=201.83499999999916 105191.03626933724 1533.0432511951733 3777.2050000000022 2229.5000000000005 115766.57500000001
decision_type=2 2 2 2 2 2
left_child=1 -1 3 -3 -2 -4
right_child=4 2 5 -5 -6 -7
leaf_value=0.00017317469383759719 -8.8762829526884562e-05 0.00013263170452568551 -0.00033182719673854931 -0.00026848817086298543 -4.7981313021237491e-05 -6.7329264155437309e-06
leaf_weight=24 78 24 27 20 27 20
leaf_count=24 78 24 27 20 27 20
internal_value=-0.00113636 0.00108696 -0.00115385 0.00181818 -0.00357143 -0.00393617
internal_weight=220 115 91 44 105 47
internal_count=220 115 91 44 105 47
is_linear=0
shrinkage=0.05


Tree=44
num_leaves=7
num_cat=0
split_feature=9 7 11 16 5 11
split_gain=0.398372 0.652497 0.306818 0.221966 0.262987 0.0700129
threshold=0.027545829086590975 0.028458274101315368 -0.042112448391832154 0.015441647108864731 0.00096090205976632527 -0.0095093364266372309
decision_type=2 2 2 2 2 2
left_child=2 -2 -1 4 -4 -5
right_child=1 -3 3 5 -6 -7
leaf_value=0.00028641406024339927 0.00026158903304725374 -0.0001350066330133867 -0.00022984516903258253 -5.8838770558080181e-05 3.6926036865258203e-06 -0.00012554628602936101
leaf_weight=24 20 21 28 37 22 68
leaf_count=24 20 21 28 37 22 68
internal_value=-0.000909092 0.00353658 -0.00192738 -0.00274194 -1.19209e-09 -0.00404762
internal_weight=220 41 179 155 50 105
internal_count=220 41 179 155 50 105
is_linear=0
shrinkage=0.05


Tree=45
num_leaves=6
num_cat=0
split_feature=35 11 25 35 15
split_gain=0.452191 0.399646 0.264062 0.113361 0.266327
threshold=2501.3374999999992 -0.042112448391832154 -0.81285106439421095 3170.4064285714289 0.01868695828099029
decision_type=2 2 2 2 2
left_child=-1 -2 -3 -4 -5
right_child=1 2 3 4 -6
leaf_value=1.2364244292767343e-05 0.0003291958798811521 3.2281075641705018e-06 -0.00029630388614531515 7.5760400107446225e-06 -0.00034699914120575376
leaf_weight=39 21 32 79 20 29
leaf_count=39 21 32 79 20 29
internal_value=-0.000909092 -0.00196133 -0.0028125 -0.00382813 -0.00193878
internal_weight=220 181 160 128 49
internal_count=220 181 160 128 49
is_linear=0
shrinkage=0.05


Tree=46
num_leaves=8
num_cat=0
split_feature=16 34 32 32 4 5 11
split_gain=0.509996 0.867778 0.418706 1.15238 0.298039 0.124528 0.037013
threshold=0.017997784313834978 45.819783921155796 4753.0903831226979 7162.2624687969519 31451.775525000005 -0.0039387932698211831 -0.014471949224387812
decision_type=2 2 2 2 2 2 2
left_child=1 -1 5 -4 6 -3 -2
right_child=4 2 3 -5 -6 -7 -8
leaf_value=0.00012249432921019078 -0.00013363697807313888 -0.00019104791538743606 8.9331133049465423e-05 -0.00026637770990412348 0.00031789941883914329 -0.00019632851485877633 -7.52071427255401e-05
leaf_weight=22 20 20 20 28 20 33 57
leaf_count=22 20 20 20 28 20 33 57
internal_value=-0.000227274 0.00191057 -4.95061e-05 0.00333333 -0.00293815 -0.00311321 -0.00435065
internal_weight=220 123 101 48 97 53 77
internal_count=220 123 101 48 97 53 77
is_linear=0
shrinkage=0.05


Tree=47
num_leaves=7
num_cat=0
split_feature=18 26 22 25 25 32
split_gain=0.660879 1.04373 0.457431 0.243763 0.203175 0.311111
threshold=201.83499999999916 105191.03626933724 14769.227639650004 0.34086029350925512 -0.025404865300049179 5750.8128554461446
decision_type=2 2 2 2 2 2
left_child=1 -1 -3 -4 -2 -6
right_child=4 2 3 -5 5 -7
leaf_value=0.0001398884840438549 -7.3612611560621723e-05 2.3562904305030952e-05 -0.00030247454603222188 -8.7953804455435154e-06 1.2945632119941296e-05 -0.00011555564189824217
leaf_weight=24 60 30 38 23 24 21
leaf_count=24 60 30 38 23 24 21
internal_value=-0.000227274 0.0023913 -5.49462e-05 -0.00254098 -0.00309524 -0.000555557
internal_weight=220 115 91 61 105 45
internal_count=220 115 91 61 105 45
is_linear=0
shrinkage=0.05


Tree=48
num_leaves=7
num_cat=0
split_feature=25 19 0 5 38 4
split_gain=0.46945 0.629691 0.647763 0.301252 0.476526 0.678788
threshold=-0.025404865300049179 4722.1200000000035 114435.69000000002 0.0026235507325080812 161.85660677295775 12155.068115000002
decision_type=2 2 2 2 2 2
left_child=3 2 -2 4 5 -1
right_child=1 -3 -4 -5 -6 -7
leaf_value=0.00012401015328518386 0.0002608651532623189 -5.6617502867472425e-05 -0.00014590831724864566 -9.4808781307884646e-05 -0.00018023832450519368 -0.00031953729662451266
leaf_weight=20 33 31 30 55 29 22
leaf_count=20 33 31 30 55 29 22
internal_value=-0.000227274 0.00244681 0.00531746 -0.00222222 -7.04237e-05 0.00333333
internal_weight=220 94 63 126 71 42
internal_count=220 94 63 126 71 42
is_linear=0
shrinkage=0.05


Tree=49
num_leaves=7
num_cat=0
split_feature=9 7 1 26 22 35
split_gain=0.398372 0.652497 0.306818 0.252823 0.268451 0.122963
threshold=0.027545829086590975 0.028458274101315368 103846.25000000001 114683.2112014517 15322.245086175002 2582.247142857143
decision_type=2 2 2 2 2 2
left_child=2 -2 -1 5 -5 -4
right_child=1 -3 3 4 -6 -7
leaf_value=6.4199283962409294e-06 0.00023136638964597734 -0.00010694698841563089 -2.0205135088105416e-05 1.5717707322930965e-05 -0.00023030999257683929 -8.6904772259505699e-05
leaf_weight=24 20 21 25 21 26 83
leaf_count=24 20 21 25 21 26 83
internal_value=-0.000909092 0.00353658 -0.00192738 -0.00274194 0.000319148 -0.00407408
internal_weight=220 41 179 155 47 108
internal_count=220 41 179 155 47 108
is_linear=0
shrinkage=0.05


Tree=50
num_leaves=8
num_cat=0
split_feature=32 28 26 24 20 1 0
split_gain=0.395638 0.760866 0.533248 0.364299 0.444444 0.529101 0.0307692
threshold=7162.2624687969519 2428.5927710892215 105191.03626933724 17025.760915210005 357.24500000000268 115718.00000000001 105483.39000000001
decision_type=2 2 2 2 2 2 2
left_child=1 2 -1 4 -4 -6 -2
right_child=6 -3 3 -5 5 -7 -8
leaf_value=0.00011178516646907023 -1.2741153656378391e-05 0.00036947008134681155 -0.00021425328840509649 -7.15962807984941e-05 0.00010103781804638785 -0.00017896418316390076 -0.00017163115564738213
leaf_weight=21 20 25 24 50 27 21 32
leaf_count=21 20 25 24 50 27 21 32
internal_value=-0.000227274 0.00095238 -0.000454547 -0.00172131 0.000555554 0.00333333 -0.00403846
internal_weight=220 168 143 122 72 48 52
internal_count=220 168 143 122 72 48 52
is_linear=0
shrinkage=0.05


Tree=51
num_leaves=6
num_cat=0
split_feature=5 38 5 11 18
split_gain=0.339578 0.587695 0.972222 0.370879 0.107744
threshold=0.0026235507325080812 161.85660677295775 -0.0039387932698211831 -0.038244576851407829 2229.5000000000005
decision_type=2 2 2 2 2
left_child=1 2 3 -1 -2
right_child=4 -3 -4 -5 -6
leaf_value=0.00029070123781380064 -5.3028195832266589e-05 -1.2104099446748875e-05 8.5539061267090558e-05 -0.00012993103887178913 -4.0039673071819105e-05
leaf_weight=21 72 40 21 39 27
leaf_count=21 72 40 21 39 27
internal_value=-0.00181818 -4.13235e-05 0.00240741 -0.000833335 -0.0039899
internal_weight=220 121 81 60 99
internal_count=220 121 81 60 99
is_linear=0
shrinkage=0.05


Tree=52
num_leaves=6
num_cat=0
split_feature=5 38 5 0 18
split_gain=0.496602 0.799918 0.730247 0.42496 0.107744
threshold=0.0026235507325080812 161.85660677295775 -0.0039387932698211831 108510.08500000001 2229.5000000000005
decision_type=2 2 2 2 2
left_child=1 2 3 -1 -2
right_child=4 -3 -4 -5 -6
leaf_value=8.3003588970644124e-05 -5.0376786040653228e-05 -1.1498894474411457e-05 8.1262108203735992e-05 -0.000169853364009254 -3.8037689418228149e-05
leaf_weight=22 72 40 21 38 27
leaf_count=22 72 40 21 38 27
internal_value=-0.00136364 0.000785123 0.00364197 0.000833332 -0.0039899
internal_weight=220 121 81 60 99
internal_count=220 121 81 60 99
is_linear=0
shrinkage=0.05


Tree=53
num_leaves=7
num_cat=0
split_feature=34 34 15 30 34 4
split_gain=0.631544 0.954545 0.161028 0.392765 0.398721 0.0382353
threshold=42.962698449022959 36.235628767192047 0.016514820025362056 112039.13425335991 66.517160186865809 24583.571935000004
decision_type=2 2 2 2 2 2
left_child=1 -1 3 4 -2 -4
right_child=2 -3 5 -5 -6 -7
leaf_value=-9.6189359719158903e-05 0.000578595920994422 0.00011131823982371279 -0.00015297132635031427 -0.00010778966930731932 -0.00015835032976769126 -1.0923946277501508e-05
leaf_weight=33 21 21 65 38 22 20
leaf_count=33 21 21 65 38 22 20
internal_value=-0.00136364 0.00333333 -0.00289157 -0.0012963 0.00197674 -0.00441177
internal_weight=220 54 166 81 43 85
internal_count=220 54 166 81 43 85
is_linear=0
shrinkage=0.05


Tree=54
num_leaves=7
num_cat=0
split_feature=18 26 22 25 22 22
split_gain=0.670892 0.70569 0.457431 0.243763 0.12605 0.0382353
threshold=201.83499999999916 105191.03626933724 14769.227639650004 0.34086029350925512 23807.119535375004 14003.216340250003
decision_type=2 2 2 2 2 2
left_child=1 -1 -3 -4 5 -2
right_child=4 2 3 -5 -6 -7
leaf_value=9.861006625542864e-05 -5.5139350395354057e-05 1.1921602419219459e-05 -0.00027803522271938166 -1.4672212742098797e-06 -4.4013191708413033e-05 -7.4788647633697094e-05
leaf_weight=24 20 30 38 23 20 65
leaf_count=24 20 30 38 23 20 65
internal_value=-0.000681819 0.00195652 -5.49462e-05 -0.00254098 -0.00357143 -0.00441177
internal_weight=220 115 91 61 105 85
internal_count=220 115 91 61 105 85
is_linear=0
shrinkage=0.05


Tree=55
num_leaves=7
num_cat=0
split_feature=9 11 27 20 24 0
split_gain=0.381693 0.425203 0.560929 0.455605 0.720586 0.252962
threshold=0.035368114392512189 0.02312458555224535 105693.79875 463.9900000000053 16182.065006410003 116019.71000000001
decision_type=2 2 2 2 2 2
left_child=1 2 -1 -4 5 -5
right_child=-2 -3 3 4 -6 -7
leaf_value=8.2237986440156805e-05 1.8643160318174308e-05 -0.00015818088390037673 -0.00015524141864968287 0.00028258874241661713 -0.000101040412743297 1.2529532108977302e-06
leaf_weight=24 29 46 43 20 37 21
leaf_count=24 29 46 43 20 37 21
internal_value=-1.19209e-09 -0.00081152 0.00051724 -0.00086777 0.00141026 0.00597561
internal_weight=220 191 145 121 78 41
internal_count=220 191 145 121 78 41
is_linear=0
shrinkage=0.05


Tree=56
num_leaves=7
num_cat=0
split_feature=23 25 17 4 13 0
split_gain=0.575627 0.877834 0.366723 0.286415 0.586675 0.0375
threshold=0.14513978333246955 0.31760407704969384 0.01912824796654863 11544.868195000003 -0.0091503767242551281 103194.13000000002
decision_type=2 2 2 2 2 2
left_child=3 -2 -3 4 -1 -5
right_child=1 2 -4 5 -6 -7
leaf_value=5.6198740921383287e-06 0.00028923226443929679 6.5016872031876146e-06 -4.4117501437529694e-05 -0.0002829819059551165 -9.097525305990543e-05 -0.00015589372791955947
leaf_weight=21 21 38 24 20 36 60
leaf_count=21 21 38 24 20 36 60
internal_value=-0.000454547 0.00283132 -0.000161292 -0.00244526 0.000263157 -0.004375
internal_weight=220 83 62 137 57 80
internal_count=220 83 62 137 57 80
is_linear=0
shrinkage=0.05


Tree=57
num_leaves=7
num_cat=0
split_feature=5 26 27 27 4 18
split_gain=0.48761 0.528281 0.452337 1.06061 0.135484 0.0987654
threshold=0.0058755719071795437 105305.13490361061 114066.81125000001 116691.92700000001 11544.868195000003 2229.5000000000005
decision_type=2 2 2 2 2 2
left_child=1 -1 4 -4 -3 -2
right_child=5 2 3 -5 -6 -7
leaf_value=4.5681889407542378e-05 -0.00010339861246612976 -7.1783713352901882e-05 5.1550616260598303e-05 -0.0003482315652265386 -0.00019838237085202496 -1.8848165056269223e-05
leaf_weight=35 54 20 22 20 42 27
leaf_count=35 54 20 22 20 42 27
internal_value=-0.000681819 0.00111511 -0.000673078 0.00333333 -0.0033871 -0.00376543
internal_weight=220 139 104 42 62 81
internal_count=220 139 104 42 62 81
is_linear=0
shrinkage=0.05


Tree=58
num_leaves=8
num_cat=0
split_feature=23 23 32 38 4 5 0
split_gain=0.413397 0.417081 0.561084 0.793651 0.419048 0.123237 0.0376543
threshold=-1.008112018483567 0.097657987970998963 7445.0138156883559 -82.230353997272559 25498.707590000002 -0.01032549248897586 103401.49500000001
decision_type=2 2 2 2 2 2 2
left_child=-1 5 3 4 -3 -2 -7
right_child=1 2 -4 -5 -6 6 -8
leaf_value=3.5413822095298537e-06 -0.00035268456245329973 -0.00022216862028368828 -5.1586474339934082e-05 5.30657217684524e-05 9.0088456471561988e-05 -0.00026821305121527562 -8.8178455767559281e-05
leaf_weight=30 20 22 26 21 20 20 61
leaf_count=30 20 22 26 21 20 20 61
internal_value=-0.000454547 -0.00131579 0.00117977 0.00373016 -0.000238096 -0.00351485 -0.00438272
internal_weight=220 190 89 63 42 101 81
internal_count=220 190 89 63 42 101 81
is_linear=0
shrinkage=0.05


Tree=59
num_leaves=6
num_cat=0
split_feature=13 34 19 3 16
split_gain=0.477948 0.897507 0.511304 0.475593 0.146657
threshold=-0.0053732035257661069 36.589669232656199 2819.8099999999981 103194.12500000001 0.015441647108864731
decision_type=2 2 2 2 2
left_child=1 -1 -3 -2 -5
right_child=3 2 -4 4 -6
leaf_value=-8.1575957111975467e-05 4.5941691723500437e-07 2.5112327896075366e-05 -1.2755979038109409e-06 -3.07960152309566e-05 -0.00010918474893126983
leaf_weight=34 29 27 23 39 68
leaf_count=34 29 27 23 39 68
internal_value=-0.000227274 0.00273809 0.007 -0.00205882 -0.00359813
internal_weight=220 84 50 136 107
internal_count=220 84 50 136 107
is_linear=0
shrinkage=0.05


Tree=60
num_leaves=8
num_cat=0
split_feature=34 26 35 24 9 0 0
split_gain=0.495794 1.00622 0.559077 0.301609 0.398866 0.109091 0.0295918
threshold=71.137328335549498 105305.13490361061 2501.3374999999992 18109.522527910001 -0.0066250663993684756 111671.24500000001 115460.37500000001
decision_type=2 2 2 2 2 2 2
left_child=1 -1 -3 4 -4 -6 -2
right_child=6 2 3 -5 5 -7 -8
leaf_value=8.3876150905756893e-05 -0.00010738807097461022 8.231296983407716e-06 7.5446734644313492e-06 -0.00018570196050215885 -7.150963257144791e-05 -0.000305263630769496 -0.00029285126975337752
leaf_weight=35 29 20 31 41 20 24 20
leaf_count=35 29 20 31 41 20 24 20
internal_value=0.000454544 0.00172515 -0.000220589 -0.00155173 0.000333332 -0.00272727 -0.00397959
internal_weight=220 171 136 116 75 44 49
internal_count=220 171 136 116 75 44 49
is_linear=0
shrinkage=0.05


Tree=61
num_leaves=8
num_cat=0
split_feature=9 7 24 20 7 13 0
split_gain=0.500564 0.936643 0.391253 0.573636 0.473853 0.56641 0.0357143
threshold=0.027545829086590975 0.028458274101315368 18485.929630810006 357.24500000000268 0.0039418551297761692 -0.0053732035257661069 98361.265000000014
decision_type=2 2 2 2 2 2 2
left_child=2 -2 3 -1 5 -5 -4
right_child=1 -3 6 4 -6 -7 -8
leaf_value=-0.00016815155187212437 0.00018523086194298898 -7.2717912072937035e-05 -0.00010560315670568045 3.986220949399424e-05 -8.9141582893355551e-05 -6.9338946967953101e-05 -2.0339799433274715e-05
leaf_weight=33 20 21 20 25 24 27 50
leaf_count=33 20 21 20 25 24 27 50
internal_value=-0.000227274 0.0047561 -0.00136872 0.000504586 0.00289474 0.00557692 -0.00428572
internal_weight=220 41 179 109 76 52 70
internal_count=220 41 179 109 76 52 70
is_linear=0
shrinkage=0.05


Tree=62
num_leaves=6
num_cat=0
split_feature=28 9 15 32 0
split_gain=0.618424 0.388857 0.177632 0.341856 0.139394
threshold=-2690.3937686988352 0.035368114392512189 0.018275298811075157 5495.2606047990203 107883.01500000001
decision_type=2 2 2 2 2
left_child=-1 2 3 4 -2
right_child=1 -3 -4 -5 -6
leaf_value=1.6072547173352971e-05 -1.2769142155298875e-06 1.3423418985629459e-05 -0.00020151527299971462 7.3211895369907707e-06 -0.00011497340431257327
leaf_weight=39 20 29 54 32 46
leaf_count=39 20 29 54 32 46
internal_value=-0.000454547 -0.00168508 -0.00269737 -0.00142857 -0.00348485
internal_weight=220 181 152 98 66
internal_count=220 181 152 98 66
is_linear=0
shrinkage=0.05


Tree=63
num_leaves=8
num_cat=0
split_feature=5 27 27 27 37 7 7
split_gain=0.440955 0.684165 0.601476 0.822358 0.207792 0.128571 0.034127
threshold=0.0026235507325080812 105693.79875 114066.81125000001 116691.92700000001 -162.7688764329308 -0.0032904772716255432 0.024868288236486485
decision_type=2 2 2 2 2 2 2
left_child=1 -1 5 -4 -2 -3 -6
right_child=4 2 3 -5 6 -7 -8
leaf_value=9.5239828185060259e-05 -3.3116272617624858e-06 -0.00011350230543493293 3.8812555115856881e-05 -0.00029426800127664587 -1.3066778696343602e-05 -5.8603908916307616e-05 -0.00010244192799492579
leaf_weight=24 36 36 21 20 43 20 20
leaf_count=24 36 36 21 20 43 20 20
internal_value=-1.19209e-09 0.00202479 0.000154638 0.0047561 -0.00247475 -0.00321429 -0.00420635
internal_weight=220 121 97 41 99 56 63
internal_count=220 121 97 41 99 56 63
is_linear=0
shrinkage=0.05


Tree=64
num_leaves=8
num_cat=0
split_feature=5 20 21 20 20 37 7
split_gain=0.525666 0.771809 0.349206 0.391648 0.517703 0.207792 0.034127
threshold=0.0026235507325080812 1209.7249999999988 423.81499999999511 244.96000000000643 555.42500000000302 -162.7688764329308 0.024868288236486485
decision_type=2 2 2 2 2 2 2
left_child=1 2 -1 -4 -5 -2 -7
right_child=5 -3 3 4 -6 6 -8
leaf_value=-0.00015135846532849363 -3.1460458986743728e-06 6.7257996949640963e-06 -0.00011527010100559262 9.2229037845209131e-05 -8.2488078680785859e-06 -1.2413439761526405e-05 -9.7319831595179512e-05
leaf_weight=22 36 22 25 23 29 43 20
leaf_count=22 36 22 25 23 29 43 20
internal_value=0.000227272 0.00243802 0.000555554 0.00214286 0.00461538 -0.00247475 -0.00420635
internal_weight=220 121 99 77 52 99 63
internal_count=220 121 99 77 52 99 63
is_linear=0
shrinkage=0.05


Tree=65
num_leaves=7
num_cat=0
split_feature=25 23 17 4 13 0
split_gain=0.613159 0.742221 0.558699 0.525717 0.520833 0.0371795
threshold=-0.025404865300049179 0.3397967276621478 0.016586446167868925 10981.646410000003 0.013824423662119624 102881.65500000001
decision_type=2 2 2 2 2 2
left_child=3 -2 -3 4 -1 -5
right_child=1 2 -4 5 -6 -7
leaf_value=6.3882238522315569e-05 8.5656282645431377e-06 -0.00021260700727554379 1.6840218590031189e-05 -0.00025289509085766161 -0.00023113529151914188 -0.00013056294811195369
leaf_weight=24 30 27 37 20 24 58
leaf_count=24 30 27 37 20 24 58
internal_value=0.000454544 0.00351064 0.000468749 -0.0018254 0.00229167 -0.00435898
internal_weight=220 94 64 126 48 78
internal_count=220 94 64 126 48 78
is_linear=0
shrinkage=0.05


Tree=66
num_leaves=6
num_cat=0
split_feature=11 26 19 20 15
split_gain=0.565668 1.21733 0.533725 0.461609 0.511028
threshold=0.0071570004566914079 105305.13490361061 3307.4100000000112 357.24500000000268 0.01868695828099029
decision_type=2 2 2 2 2
left_child=1 -1 -2 -3 -5
right_child=2 3 -4 4 -6
leaf_value=7.9014675749269488e-05 -0.00010462905841180852 -0.00019771184851549015 2.343398152029411e-06 9.6566497452466995e-06 -7.8839784299058744e-05
leaf_weight=22 69 30 32 34 33
leaf_count=22 69 30 32 34 33
internal_value=0.000227272 0.00256302 -0.00252475 0.000154638 0.00246269
internal_weight=220 119 101 97 67
internal_count=220 119 101 97 67
is_linear=0
shrinkage=0.05


Tree=67
num_leaves=8
num_cat=0
split_feature=38 20 9 21 4 32 0
split_gain=0.697233 0.732314 0.861761 0.492308 0.99492 0.453186 0.0291667
threshold=615.90334485937717 1209.7249999999988 0.027545829086590975 423.81499999999511 11544.868195000003 -3094.9890686524009 110088.14500000002
decision_type=2 2 2 2 2 2 2
left_child=1 2 3 -1 -5 -6 -7
right_child=-2 -3 -4 4 5 6 -8
leaf_value=-0.00018430645944085292 -0.00011499470846200921 5.1261847567776714e-06 4.5043867327912109e-05 1.0600213977573614e-05 2.7797331726700384e-05 -0.00027222664442146392 -0.00036355224387341371
leaf_weight=40 36 26 28 22 20 20 28
leaf_count=40 36 26 28 22 20 20 28
internal_value=0.00136364 0.00260869 0.00132911 -0.000384617 0.00166667 -0.00132353 -0.00395833
internal_weight=220 184 158 130 90 68 48
internal_count=220 184 158 130 90 68 48
is_linear=0
shrinkage=0.05


Tree=68
num_leaves=9
num_cat=0
split_feature=34 28 5 15 0 28 11 0
split_gain=0.729404 0.993282 0.765517 0.824684 1.27811 0.380952 0.254348 0.0307692
threshold=70.404505017373069 3141.858133685259 0.0096561823878407466 0.01868695828099029 108310.26500000001 -396.25437954961666 -0.035802067180478021 115724.85000000002
decision_type=2 2 2 2 2 2 2 2
left_child=1 2 3 4 -1 -6 -5 -2
right_child=7 -3 -4 6 5 -7 -8 -9
leaf_value=5.1414316739714046e-05 -5.8620691363028544e-05 0.00044108317451331536 -0.00024238851964953994 0.00025656700401075768 -5.0702473069653183e-05 5.4063523768906726e-06 -0.00021781997948802114 -0.00025026433729193737
leaf_weight=20 32 23 37 20 21 21 26 20
leaf_count=20 32 23 37 20 21 21 26 20
internal_value=0.00113636 0.00273809 0.0012069 0.00333333 0.00709677 0.00214286 -0.00173913 -0.00403846
internal_weight=220 168 145 108 62 42 46 52
internal_count=220 168 145 108 62 42 46 52
is_linear=0
shrinkage=0.05


Tree=69
num_leaves=7
num_cat=0
split_feature=5 5 32 19 19 0
split_gain=0.380211 0.586067 0.484584 0.219336 0.419048 0.0307692
threshold=0.0026235507325080812 -0.0033827979371487678 -1214.5135318094615 3123.3700000000031 4051.7850000000039 108310.26500000001
decision_type=2 2 2 2 2 2
left_child=1 2 -1 -2 -5 -4
right_child=3 -3 5 4 -6 -7
leaf_value=3.0060427450859329e-05 -1.9892774290865672e-05 2.2852656120090561e-05 -1.8098666549054865e-05 6.3451025586093627e-05 -0.00011085756652790067 -0.0002626502490822351
leaf_weight=35 57 34 20 20 22 32
leaf_count=35 57 34 20 20 22 32
internal_value=-0.000681819 0.00119835 -0.000977013 -0.0029798 -0.000238096 -0.00403846
internal_weight=220 121 87 99 42 52
internal_count=220 121 87 99 42 52
is_linear=0
shrinkage=0.05


Tree=70
num_leaves=7
num_cat=0
split_feature=28 1 13 13 23 0
split_gain=0.480669 0.696481 0.517119 1.12676 0.247009 0.0307692
threshold=4105.4136315933001 103846.25000000001 -0.034806756711469287 -0.0040655262561849924 0.14513978333246955 109220.64000000001
decision_type=2 2 2 2 2 2
left_child=1 -1 -3 -4 5 -5
right_child=-2 2 3 4 -6 -7
leaf_value=0.00024922990396328732 -6.866203843503986e-05 -5.9955908830730567e-05 1.6149566836561529e-05 -1.7447967123738882e-05 7.6584807834368986e-06 -0.00030663890320239219
leaf_weight=21 46 44 37 20 20 32
leaf_count=21 46 44 37 20 20 32
internal_value=-0.000454547 0.000747125 -0.000424838 0.00142202 -0.00222222 -0.00403846
internal_weight=220 174 153 109 72 52
internal_count=220 174 153 109 72 52
is_linear=0
shrinkage=0.05


Tree=71
num_leaves=7
num_cat=0
split_feature=15 20 13 25 4 11
split_gain=0.662628 0.912442 1.07951 1.17935 0.667063 0.332827
threshold=0.01868695828099029 293.48000000000326 0.059410550638028213 -0.069123958384755338 10981.646410000003 -0.039337411407244227
decision_type=2 2 2 2 2 2
left_child=1 -1 3 4 -3 -2
right_child=5 2 -4 -5 -6 -7
leaf_value=-0.00011669806542076032 0.00023676836904774667 7.928161428011374e-06 -0.00010240397455423027 3.4246068409984427e-05 -0.00012436361927684148 -0.00012167015613117672
leaf_weight=33 21 21 22 26 24 73
leaf_count=33 21 21 22 26 24 73
internal_value=-0.000227274 0.00214286 0.00467742 0.00767606 0.00277778 -0.00340426
internal_weight=220 126 93 71 45 94
internal_count=220 126 93 71 45 94
is_linear=0
shrinkage=0.05


Tree=72
num_leaves=8
num_cat=0
split_feature=20 15 32 25 19 5 0
split_gain=0.454735 0.687372 0.792447 0.803004 0.456269 0.190994 0.0333333
threshold=302.51999999999686 0.01868695828099029 7162.2624687969519 -0.069123958384755338 1949.6949999999999 -0.00094115133419280731 107240.895
decision_type=2 2 2 2 2 2 2
left_child=6 2 3 4 -2 -3 -1
right_child=1 5 -4 -5 -6 -7 -8
leaf_value=-4.5947931579414662e-06 1.3857926287897304e-05 -5.7083137577429985e-06 -7.7837811420795864e-05 3.1707123939698673e-05 -0.00010266336016185431 -0.00018897957728396069 -3.7710087402142845e-05
leaf_weight=20 20 28 20 28 23 41 40
leaf_count=20 20 28 20 28 23 41 40
internal_value=-0.000454547 0.000937499 0.00379121 0.0062676 0.00197674 -0.00282609 -0.00416667
internal_weight=220 160 91 71 43 69 60
internal_count=220 160 91 71 43 69 60
is_linear=0
shrinkage=0.05


Tree=73
num_leaves=7
num_cat=0
split_feature=20 15 31 37 5 0
split_gain=0.466986 0.782111 1.02104 0.697731 0.192857 0.0324561
threshold=293.48000000000326 0.01868695828099029 114197.62800000001 934.59554751148323 -0.00094115133419280731 107240.895
decision_type=2 2 2 2 2 2
left_child=5 2 3 -2 -3 -1
right_child=1 4 -4 -5 -6 -7
leaf_value=-4.3650535000445118e-06 2.8881805035605618e-05 -5.4228980698558318e-06 -6.7122437425292669e-05 5.3455879172440253e-06 -0.00018457510378648982 -0.00016497736778379752
leaf_weight=20 31 28 23 39 42 37
leaf_count=20 31 28 23 39 42 37
internal_value=-0.000227274 0.00113497 0.00413978 0.00714286 -0.00285714 -0.00412281
internal_weight=220 163 93 70 70 57
internal_count=220 163 93 70 70 57
is_linear=0
shrinkage=0.05


Tree=74
num_leaves=7
num_cat=0
split_feature=9 38 35 35 9 28
split_gain=0.625424 0.475289 0.486466 0.403754 0.657254 0.737445
threshold=0.035368114392512189 315.26147674161683 2582.247142857143 2921.9092857142869 0.0082049489947893309 -3948.4279184978
decision_type=2 2 2 2 2 2
left_child=1 2 -1 -4 5 -5
right_child=-2 -3 3 4 -6 -7
leaf_value=6.100308659590508e-05 9.5349698345773358e-06 -0.00010531529089157553 -8.9684323722433954e-05 -4.4274608330279227e-05 -0.00028374911834405084 2.7437703947926468e-05
leaf_weight=25 29 50 37 21 27 31
leaf_count=25 29 50 37 21 27 31
internal_value=0.000227272 -0.00081152 0.000673758 -0.000689656 0.00132911 0.00461538
internal_weight=220 191 141 116 79 52
internal_count=220 191 141 116 79 52
is_linear=0
shrinkage=0.05


Tree=75
num_leaves=7
num_cat=0
split_feature=26 15 27 11 32 35
split_gain=0.512121 1.10455 0.415206 0.551184 0.225417 0.150617
threshold=105305.13490361061 0.020464036422253164 113399.89675000003 -0.0036695324677830138 -2273.1417815395175 2582.247142857143
decision_type=2 2 2 2 2 2
left_child=1 -1 5 4 -4 -2
right_child=2 -3 3 -5 -6 -7
leaf_value=4.3382201403604676e-05 9.5203236353793839e-06 -1.7289058518482798e-05 6.1981613261118409e-07 5.2808911686040309e-06 -0.00031885371155882447 -0.00010728424068637586
leaf_weight=27 20 33 22 30 27 61
leaf_count=27 20 33 22 30 27 61
internal_value=0.000227272 0.00416667 -0.00125 0.00132911 -0.00193878 -0.00376543
internal_weight=220 60 160 79 49 81
internal_count=220 60 160 79 49 81
is_linear=0
shrinkage=0.05


Tree=76
num_leaves=7
num_cat=0
split_feature=26 38 27 11 20 38
split_gain=0.492614 1.225 0.407868 0.614227 0.333847 0.110769
threshold=105305.13490361061 39.801561436869868 112849.88425000002 0.0053076956657905792 533.03500000001088 94.727941850959169
decision_type=2 2 2 2 2 2
left_child=1 -1 5 4 -4 -2
right_child=2 -3 3 -5 -6 -7
leaf_value=5.4200390352856243e-05 -0.00018082430185404393 -3.4676762488961725e-05 -0.00024018732342297514 5.0119271750796603e-06 1.1234742353124269e-05 -2.6560205443463501e-06
leaf_weight=24 36 36 26 26 33 39
leaf_count=24 36 36 26 26 33 39
internal_value=0.00113636 0.005 -0.000312501 0.00205882 -0.000762713 -0.003
internal_weight=220 60 160 85 59 75
internal_count=220 60 160 85 59 75
is_linear=0
shrinkage=0.05


Tree=77
num_leaves=9
num_cat=0
split_feature=9 5 35 9 15 13 35 19
split_gain=0.413413 0.429501 0.427707 0.632967 0.744615 0.4 0.117239 0.230488
threshold=0.027545829086590975 0.013439608272862559 2921.9092857142869 0.0082049489947893309 0.018275298811075157 -0.038714346609237942 2582.247142857143 2206.9800000000037
decision_type=2 2 2 2 2 2 2 2
left_child=2 -2 6 4 -4 -6 7 -1
right_child=1 -3 3 -5 5 -7 -8 -9
leaf_value=-2.141474490883524e-05 2.510463711807141e-05 -3.5142680501748989e-05 4.5323301103573039e-06 -0.00032707773330179228 -0.00010745401515435468 0.00022304357662308039 -8.3375510027723662e-05 2.1544539656032246e-05
leaf_weight=21 20 21 25 26 20 20 47 20
leaf_count=21 20 21 25 26 20 20 47 20
internal_value=0.000227272 0.0047561 -0.000810057 0.00159341 0.00423077 -1.19209e-09 -0.00329546 -0.00134146
internal_weight=220 41 179 91 65 40 88 41
internal_count=220 41 179 91 65 40 88 41
is_linear=0
shrinkage=0.05


Tree=78
num_leaves=8
num_cat=0
split_feature=3 23 27 11 20 35 5
split_gain=0.525865 0.595238 0.427958 0.614227 0.333847 0.21745 0.0355072
threshold=103194.12500000001 -0.14087436070532178 112849.88425000002 0.0053076956657905792 533.03500000001088 2649.2046428571439 -0.004765486103377097
decision_type=2 2 2 2 2 2 2
left_child=1 -1 5 4 -4 -2 -7
right_child=2 -3 3 -5 -6 6 -8
leaf_value=-7.0560993187068167e-05 4.3779705912752415e-05 0.00021100835895889985 -0.0002278380020412726 4.2198573281839233e-06 9.7659009970873622e-06 -0.00015156887605651578 -7.5520074463719447e-05
leaf_weight=21 24 21 26 26 33 20 49
leaf_count=21 24 21 26 26 33 20 49
internal_value=0.000681817 0.00571428 -0.000505619 0.00205882 -0.000762713 -0.00284946 -0.00427536
internal_weight=220 42 178 85 59 93 69
internal_count=220 42 178 85 59 93 69
is_linear=0
shrinkage=0.05


Tree=79
num_leaves=8
num_cat=0
split_feature=31 23 25 32 38 35 3
split_gain=0.399356 0.635338 0.615385 0.614468 0.694623 0.259615 0.0295918
threshold=114316.7991 -1.008112018483567 -0.069123958384755338 7445.0138156883559 -285.96527532731744 2582.247142857143 112608.94500000002
decision_type=2 2 2 2 2 2 2
left_child=1 -1 5 4 -4 -3 -2
right_child=6 2 3 -5 -6 -7 -8
leaf_value=5.7865027103265078e-06 -3.4258954400901574e-06 7.229032134551823e-06 -1.2698536436239054e-06 -1.8654291004368597e-05 0.00018339565859878577 -0.00022503077631245866 -0.00026029763834364069
leaf_weight=21 20 24 25 25 22 54 29
leaf_count=21 20 24 25 25 22 54 29
internal_value=-1.19209e-09 0.00114035 -1.19209e-09 0.00333333 0.00670213 -0.00307692 -0.00397959
internal_weight=220 171 150 72 47 78 49
internal_count=220 171 150 72 47 78 49
is_linear=0
shrinkage=0.05


Tree=80
num_leaves=8
num_cat=0
split_feature=11 9 22 37 38 21 21
split_gain=0.459341 1.17955 0.46176 0.285714 0.456876 0.222965 0.646998
threshold=0.046225031064321805 0.027545829086590975 22792.402647025003 196.65136912677573 -648.27916308408214 753.70999999999924 423.81499999999511
decision_type=2 2 2 2 2 2 2
left_child=1 2 3 -1 -5 6 -6
right_child=-2 -3 -4 4 5 -7 -8
leaf_value=-4.9168050100093983e-05 -5.1291755315893144e-05 0.00015156912133044363 3.7007667094162655e-06 1.1222029982148446e-05 -0.0003154721169276431 -0.00015009718507937153 2.0665365400416602e-05
leaf_weight=40 38 20 22 22 25 32 21
leaf_count=40 38 20 22 22 25 32 21
internal_value=-1.19209e-09 0.00104395 -0.000370372 -0.00142857 -1.19209e-09 -0.00179487 0.000434781
internal_weight=220 182 162 140 100 78 46
internal_count=220 182 162 140 100 78 46
is_linear=0
shrinkage=0.05


Tree=81
num_leaves=8
num_cat=0
split_feature=34 28 4 21 21 7 0
split_gain=0.54792 1.03974 0.613378 1.07299 0.491366 0.0348485 0.0295918
threshold=71.137328335549498 3141.858133685259 11544.868195000003 423.81499999999511 973.75000000000011 0.015678596448679562 115460.37500000001
decision_type=2 2 2 2 2 2 2
left_child=1 2 3 -1 5 -4 -2
right_child=6 -3 4 -5 -6 -7 -8
leaf_value=-4.6779595551419074e-05 -4.32796272997502e-05 0.0003535172134491612 -0.00014505108685286015 4.8923515336290818e-05 2.4003333781558353e-06 -9.0897564485886752e-05 -0.00019120983393668253
leaf_weight=21 29 24 46 22 38 20 20
leaf_count=21 29 24 46 22 38 20 20
internal_value=0.000681817 0.00201754 0.000442176 0.00546512 -0.00163462 -0.00424243 -0.00397959
internal_weight=220 171 147 43 104 66 49
internal_count=220 171 147 43 104 66 49
is_linear=0
shrinkage=0.05


Tree=82
num_leaves=6
num_cat=0
split_feature=15 20 2 11 11
split_gain=0.662628 0.905423 0.908239 0.332827 0.328453
threshold=0.01868695828099029 673.65999999999633 108327.78000000001 -0.039337411407244227 0.0075926366212189745
decision_type=2 2 2 2 2
left_child=1 4 -3 -2 -1
right_child=3 2 -4 -5 -6
leaf_value=5.0812747442292353e-07 0.00019098308984081525 0.00039821647801176305 6.1066419025047061e-06 -9.7881041674499999e-05 -2.7118564735067202e-05
leaf_weight=37 21 23 31 73 35
leaf_count=37 21 23 31 73 35
internal_value=-0.000227274 0.00214286 0.00703704 -0.00340426 -0.00152778
internal_weight=220 126 54 94 72
internal_count=220 126 54 94 72
is_linear=0
shrinkage=0.05


Tree=83
num_leaves=5
num_cat=0
split_feature=35 4 4 15
split_gain=0.774903 0.396624 0.308247 0.042
threshold=2501.3374999999992 10981.646410000003 31451.775525000005 0.011711099778987757
decision_type=2 2 2 2
left_child=-1 -2 3 -3
right_child=1 2 -4 -5
leaf_value=6.2395921918553818e-06 3.3970898423881506e-06 -1.0957772981237734e-05 0.00015592954019650435 -3.2214038535949334e-05
leaf_weight=39 34 20 22 105
leaf_count=39 34 20 22 105
internal_value=-0.00113636 -0.00251381 -0.00363946 -0.0046
internal_weight=220 181 147 125
internal_count=220 181 147 125
is_linear=0
shrinkage=0.05


Tree=84
num_leaves=6
num_cat=0
split_feature=35 25 11 16 1
split_gain=0.720785 0.471116 0.290227 0.104791 0.0413793
threshold=2501.3374999999992 -1.0559475302359551 -0.042112448391832154 0.014966726466086591 104121.06000000001
decision_type=2 2 2 2 2
left_child=-1 -2 -3 -4 -5
right_child=1 2 3 4 -6
leaf_value=5.9276125822625708e-06 7.117382607868091e-07 0.00017641243537208499 -3.889677422949228e-05 -0.00019353789978373222 -5.4618912693623814e-05
leaf_weight=39 20 20 25 20 96
leaf_count=39 20 20 25 20 96
internal_value=-0.000909092 -0.00223757 -0.00313665 -0.00393617 -0.00456897
internal_weight=220 181 161 141 116
internal_count=220 181 161 141 116
is_linear=0
shrinkage=0.05


Tree=85
num_leaves=6
num_cat=0
split_feature=4 13 35 24 26
split_gain=0.549701 0.828947 0.700172 0.2846 0.0692308
threshold=11544.868195000003 -0.0091503767242551281 2484.2385714285715 23714.354900700007 114683.2112014517
decision_type=2 2 2 2 2
left_child=1 -1 -2 4 -4
right_child=2 -3 3 -5 -6
leaf_value=1.3711963822336088e-05 5.0492382827345669e-06 -2.1685825168559943e-05 -8.0461828121997667e-05 1.2595898768287666e-06 -6.5608517773547073e-05
leaf_weight=21 22 36 81 21 39
leaf_count=21 22 36 81 21 39
internal_value=-0.000454547 0.00377193 -0.00193252 -0.00322695 -0.00416667
internal_weight=220 57 163 141 120
internal_count=220 57 163 141 120
is_linear=0
shrinkage=0.05


Tree=86
num_leaves=6
num_cat=0
split_feature=35 4 24 26 0
split_gain=0.668625 0.430625 0.285573 0.0645031 0.102439
threshold=2501.3374999999992 11270.127720000002 23714.354900700007 114683.2112014517 117303.57500000001
decision_type=2 2 2 2 2
left_child=-1 -2 3 -3 -5
right_child=1 2 -4 4 -6
leaf_value=5.2921431760341367e-06 4.3507067074881819e-06 -3.7710587464772686e-05 1.1966103829873705e-06 -7.2907778656987533e-05 -7.6262001158457888e-05
leaf_weight=39 39 80 21 20 21
leaf_count=39 39 80 21 20 21
internal_value=-0.000681819 -0.00196133 -0.00323944 -0.00417355 -0.00256098
internal_weight=220 181 142 121 41
internal_count=220 181 142 121 41
is_linear=0
shrinkage=0.05


Tree=87
num_leaves=6
num_cat=0
split_feature=35 4 21 24 26
split_gain=0.618424 0.550943 0.678788 0.282614 0.0686658
threshold=2501.3374999999992 11544.868195000003 423.81499999999511 23714.354900700007 114683.2112014517
decision_type=2 2 2 2 2
left_child=-1 2 -2 4 -3
right_child=1 3 -4 -5 -6
leaf_value=5.0275360172324354e-06 -6.7988006654828761e-05 -6.7177262327125148e-05 3.5916587082580161e-05 1.1367798638380876e-06 -5.8514991826946848e-05
leaf_weight=39 22 79 20 21 39
leaf_count=39 22 79 20 21 39
internal_value=-0.000454547 -0.00168508 0.00333333 -0.00320144 -0.00415254
internal_weight=220 181 42 139 118
internal_count=220 181 42 139 118
is_linear=0
shrinkage=0.05


Tree=88
num_leaves=7
num_cat=0
split_feature=35 20 5 17 15 0
split_gain=0.570182 0.405407 0.416667 0.408333 0.168034 0.025
threshold=2501.3374999999992 555.42500000000302 -0.013746811194968385 0.019394278763778697 0.016057323143553241 112331.98000000003
decision_type=2 2 2 2 2 2
left_child=-1 2 -2 5 -3 -4
right_child=1 4 3 -5 -6 -7
leaf_value=4.7761592163708458e-06 0.00016841528139511087 -5.774066085957232e-06 -6.5659749806700076e-05 2.1889834764149131e-06 -7.4741482401314866e-05 -0.00015923698362998813
leaf_weight=39 20 35 20 20 66 20
leaf_count=39 20 35 20 20 66 20
internal_value=-0.000227274 -0.00140884 0.00125 -0.000833335 -0.00351485 -0.00375
internal_weight=220 181 80 60 101 40
internal_count=220 181 80 60 101 40
is_linear=0
shrinkage=0.05


Tree=89
num_leaves=7
num_cat=0
split_feature=13 13 23 1 0 16
split_gain=0.617773 1.04675 0.64 0.551614 0.512121 0.252657
threshold=-0.038714346609237942 -0.0040655262561849924 -0.44618082053504121 107558.87500000001 96661.960000000006 0.015441647108864731
decision_type=2 2 2 2 2 2
left_child=-1 2 -2 4 -3 -5
right_child=1 3 -4 5 -6 -7
leaf_value=-1.7047605181686351e-05 1.3863710992384414e-05 -9.843174381384402e-05 2.8131807726790203e-06 -2.7403134439038659e-05 1.0638336749196432e-05 -4.1112825904920899e-05
leaf_weight=42 20 24 25 37 20 52
leaf_count=42 20 24 25 37 20 52
internal_value=0.000454544 0.00174157 0.00833333 -0.000488723 0.00409091 -0.00275281
internal_weight=220 178 45 133 44 89
internal_count=220 178 45 133 44 89
is_linear=0
shrinkage=0.05


Tree=90
num_leaves=8
num_cat=0
split_feature=38 35 24 25 31 15 13
split_gain=0.64832 0.868484 0.5995 0.59248 0.37371 0.379842 0.0348485
threshold=615.90334485937717 2501.3374999999992 23538.832630000001 -0.81285106439421095 114056.1128 0.020237891631932441 0.023181716370151113
decision_type=2 2 2 2 2 2 2
left_child=1 -1 3 -3 6 -6 -5
right_child=-2 2 -4 4 5 -7 -8
leaf_value=9.0473081673116915e-06 -8.9979840097848722e-05 4.1353799657939234e-06 7.5947584553556245e-06 -0.00016099572957596836 1.8463006391810936e-06 -7.6635894241219364e-05 -0.00022349951571296544
leaf_weight=25 36 26 22 46 22 23 20
leaf_count=25 36 26 22 46 22 23 20
internal_value=0.00113636 0.00233696 0.000974842 -0.000255476 -0.00184685 0.00166667 -0.00424243
internal_weight=220 184 159 137 111 45 66
internal_count=220 184 159 137 111 45 66
is_linear=0
shrinkage=0.05


Tree=91
num_leaves=8
num_cat=0
split_feature=38 35 15 35 37 5 18
split_gain=0.64832 0.868484 0.523072 1.10607 0.204167 0.204016 0.133333
threshold=615.90334485937717 2501.3374999999992 0.018275298811075157 3135.9857142857154 1334.2174372411596 0.0015000399993668311 -1602.4000000000012
decision_type=2 2 2 2 2 2 2
left_child=1 -1 3 5 6 -3 -4
right_child=-2 2 4 -5 -6 -7 -8
leaf_value=8.5949427589460553e-06 -8.5480848092956256e-05 -5.8635497239525972e-05 -4.9493828644223356e-05 5.6015376885993063e-06 6.0586786904373804e-07 2.7899891459992137e-06 -0.00019155231803813898
leaf_weight=25 36 28 20 26 20 25 40
leaf_count=25 36 28 20 26 20 25 40
internal_value=0.00113636 0.00233696 0.000974842 0.00386076 -0.001875 -0.00028302 -0.00333333
internal_weight=220 184 159 79 80 53 60
internal_count=220 184 159 79 80 53 60
is_linear=0
shrinkage=0.05


Tree=92
num_leaves=7
num_cat=0
split_feature=15 15 20 37 18 11
split_gain=0.527424 0.91875 0.667361 0.333333 0.196154 0.146667
threshold=0.018275298811075157 0.016400853768327381 690.87500000000011 1586.1641601792071 272.63999999999947 -0.039337411407244227
decision_type=2 2 2 2 2 2
left_child=1 2 4 5 -1 -2
right_child=3 -3 -4 -5 -6 -7
leaf_value=-0.00013385939916010081 1.1331216902262269e-06 2.8427495884502973e-06 4.0469403854445913e-05 9.0147537620629223e-07 3.2771072426319097e-07 -0.00012698670498147984
leaf_weight=34 20 24 36 25 26 55
leaf_count=34 20 24 36 25 26 55
internal_value=0.000681817 0.00291667 0.000729165 -0.002 -0.0025 -0.00366667
internal_weight=220 120 96 100 60 75
internal_count=220 120 96 100 60 75
is_linear=0
shrinkage=0.05


Tree=93
num_leaves=8
num_cat=0
split_feature=13 28 32 13 2 31 0
split_gain=0.542246 0.83939 0.618755 0.716765 0.421836 0.378665 0.0282609
threshold=-0.046515558603276934 4105.4136315933001 5495.2606047990203 -0.0040655262561849924 107486.86000000002 112458.88550000002 104709.90500000001
decision_type=2 2 2 2 2 2 2
left_child=-1 2 3 5 -5 -2 -3
right_child=1 6 -4 4 -6 -7 -8
leaf_value=-7.8614860997294636e-06 -4.5031287672636983e-06 -0.00017697028184263482 3.5275009017070629e-05 7.19696258260382e-07 -8.9026447477550603e-05 6.5993105641420731e-06 -4.692502039064939e-05
leaf_weight=33 22 20 25 31 34 29 26
leaf_count=33 22 20 25 31 34 29 26
internal_value=0.00090909 0.00195187 0.00386525 0.00232759 -0.00115385 0.0067647 -0.00391304
internal_weight=220 187 141 116 65 51 46
internal_count=220 187 141 116 65 51 46
is_linear=0
shrinkage=0.05


Tree=94
num_leaves=7
num_cat=0
split_feature=13 13 23 23 25 11
split_gain=0.670327 0.959441 0.64 0.638774 0.88205 0.284542
threshold=-0.038714346609237942 -0.0040655262561849924 -0.44618082053504121 0.14513978333246955 0.71069611876326522 0.0071570004566914079
decision_type=2 2 2 2 2 2
left_child=-1 2 -2 5 -5 -3
right_child=1 3 -4 4 -6 -7
leaf_value=-6.4045888355682413e-06 1.0044073287049732e-05 2.8460887580348603e-07 3.7743864870954242e-06 3.405394126096655e-05 -1.733864044218964e-05 -0.00018134184890275783
leaf_weight=42 20 34 25 25 22 52
leaf_count=42 20 34 25 25 22 52
internal_value=0.000681817 0.00202247 0.00833333 -0.000112783 0.00457447 -0.00267442
internal_weight=220 178 45 133 47 86
internal_count=220 178 45 133 47 86
is_linear=0
shrinkage=0.05


Tree=95
num_leaves=8
num_cat=0
split_feature=13 13 23 21 0 2 0
split_gain=0.670327 0.959441 0.64 0.425019 0.593994 0.258511 0.0287234
threshold=-0.038714346609237942 -0.0040655262561849924 -0.44618082053504121 423.81499999999511 108966.33000000002 115766.57500000001 107454.02
decision_type=2 2 2 2 2 2 2
left_child=-1 2 -2 6 -5 -6 -3
right_child=1 3 -4 4 5 -7 -8
leaf_value=-6.0843593937898092e-06 9.5418696226971939e-06 -0.00016532398441425391 3.5856671627406269e-06 7.9019440521262907e-06 -4.8683817326803644e-05 2.0716107548416552e-06 -0.00012537214388096945
leaf_weight=42 20 20 25 39 27 20 27
leaf_count=42 20 20 25 39 27 20 27
internal_value=0.000681817 0.00202247 0.00833333 -0.000112783 0.00197674 -0.00180851 -0.00393617
internal_weight=220 178 45 133 86 47 47
internal_count=220 178 45 133 86 47 47
is_linear=0
shrinkage=0.05


Tree=96
num_leaves=8
num_cat=0
split_feature=13 38 35 22 21 17 1
split_gain=0.628877 0.663079 1.36563 0.635039 0.518627 0.349179 0.0272727
threshold=-0.046515558603276934 615.90334485937717 2501.3374999999992 18788.926444375003 818.25000000000011 0.015949612385818188 108474.53000000001
decision_type=2 2 2 2 2 2 2
left_child=-1 2 -2 5 -5 -4 -7
right_child=1 -3 3 4 -6 6 -8
leaf_value=-6.8439643832751926e-06 7.9723316246415311e-06 -7.4400303817465644e-05 1.7118261338926583e-06 1.1020985537542762e-06 2.2177244908388929e-05 -3.3235516232808341e-05 -0.00020995496876066648
leaf_weight=33 22 36 31 34 20 20 24
leaf_count=33 22 36 31 34 20 20 24
internal_value=0.00136364 0.00248663 0.0039404 0.00197674 0.00611111 -0.001 -0.00386364
internal_weight=220 187 151 129 54 75 44
internal_count=220 187 151 129 54 75 44
is_linear=0
shrinkage=0.05


Tree=97
num_leaves=7
num_cat=0
split_feature=13 34 7 9 11 21
split_gain=0.501337 0.693765 0.464364 0.390288 0.247307 0.365174
threshold=-0.046515558603276934 45.819783921155796 -0.016953837037457131 0.027545829086590975 0.016721991603579889 793.52499999999429
decision_type=2 2 2 2 2 2
left_child=-1 -2 -3 4 5 -4
right_child=1 2 3 -5 -6 -7
leaf_value=-6.5017661641114897e-06 1.0436096093680091e-05 1.5078171052312277e-05 1.0139859890727873e-06 6.0406691863591795e-06 -0.00012095476542072604 -6.8305455124413462e-05
leaf_weight=33 29 20 27 33 44 34
leaf_count=33 29 20 27 33 44 34
internal_value=0.000681817 0.00168449 0.000379746 -0.000652175 -0.00214286 -8.19684e-05
internal_weight=220 187 158 138 105 61
internal_count=220 187 158 138 105 61
is_linear=0
shrinkage=0.05


Tree=98
num_leaves=7
num_cat=0
split_feature=13 13 34 34 0 20
split_gain=0.617773 0.770315 0.570917 0.923903 1.03879 0.118367
threshold=-0.038714346609237942 -0.011996819099346906 53.13980652476787 71.137328335549498 108966.33000000002 809.24500000000273
decision_type=2 2 2 2 2 2
left_child=-1 -2 -3 4 -4 -5
right_child=1 2 3 5 -6 -7
leaf_value=-5.112854896731139e-06 2.0327825120460249e-05 -4.4465151090540946e-05 0.00023358428435818967 -0.00015527303083765693 -4.1190128380895633e-05 -4.2978055060711982e-06
leaf_weight=42 33 39 27 29 30 20
leaf_count=42 33 39 27 29 30 20
internal_value=0.000454544 0.00174157 0.000172413 0.00207547 0.00640351 -0.00295918
internal_weight=220 178 145 106 57 49
internal_count=220 178 145 106 57 49
is_linear=0
shrinkage=0.05


Tree=99
num_leaves=6
num_cat=0
split_feature=9 5 5 20 32
split_gain=0.775534 0.664866 0.398218 0.419164 0.079803
threshold=0.027545829086590975 0.013439608272862559 -0.013746811194968385 1209.7249999999988 5495.2606047990203
decision_type=2 2 2 2 2
left_child=2 -2 -1 4 -4
right_child=1 -3 3 -5 -6
leaf_value=2.6250917563368233e-05 1.0060257712998784e-05 -5.3759571280180649e-06 -1.4431679186770658e-05 2.0432893044330648e-06 -7.1771727465252521e-05
leaf_weight=38 20 21 81 25 35
leaf_count=38 20 21 81 25 35
internal_value=-0.000227274 0.00597561 -0.00164805 -0.00287234 -0.00413793
internal_weight=220 41 179 141 116
internal_count=220 41 179 141 116
is_linear=0
shrinkage=0.05


Tree=100
num_leaves=6
num_cat=0
split_feature=25 25 27 30 35
split_gain=0.607725 1.05884 0.244696 0.224138 0.162621
threshold=-0.069123958384755338 0.37637775462542117 115480.59650000003 112961.54312329256 2649.2046428571439
decision_type=2 2 2 2 2
left_child=2 -2 4 -3 -1
right_child=1 3 -4 -5 -6
leaf_value=-4.8223090821791798e-06 1.6148538471409695e-05 -3.8219798536278965e-05 4.265414822899757e-06 -1.8676717206348134e-07 -4.6393290454885635e-05
leaf_weight=36 39 26 20 32 67
leaf_count=36 39 26 20 32 67
internal_value=-0.000227274 0.00273196 -0.00256098 -0.00155173 -0.00354369
internal_weight=220 97 123 58 103
internal_count=220 97 123 58 103
is_linear=0
shrinkage=0.05


Tree=101
num_leaves=7
num_cat=0
split_feature=9 5 20 5 4 5
split_gain=0.666036 0.664866 0.498751 0.426404 0.13283 0.0395833
threshold=0.027545829086590975 0.013439608272862559 1209.7249999999988 -0.013746811194968385 8238.7853600000017 0.012842056021625815
decision_type=2 2 2 2 2 2
left_child=2 -2 3 -1 -5 -6
right_child=1 -3 -4 4 5 -7
leaf_value=6.4783590769298274e-05 8.8546716665614791e-06 -3.1961693448032047e-06 1.3058614863246583e-06 -1.4874605360014257e-06 -0.00010027467534004153 -4.10405977378471e-05
leaf_weight=32 20 21 31 20 76 20
leaf_count=32 20 21 31 20 76 20
internal_value=0.000227272 0.00597561 -0.00108939 -0.0022973 -0.0037069 -0.00447917
internal_weight=220 41 179 148 116 96
internal_count=220 41 179 148 116 96
is_linear=0
shrinkage=0.05


Tree=102
num_leaves=8
num_cat=0
split_feature=15 16 20 34 35 0 4
split_gain=0.599652 0.869736 0.490581 0.614959 0.915719 0.238097 0.145946
threshold=0.01868695828099029 0.018560523262595854 357.24500000000268 68.960646341624326 2722.9017857142862 112608.94500000002 27336.758478500004
decision_type=2 2 2 2 2 2 2
left_child=1 2 -1 4 -4 6 -2
right_child=5 -3 3 -5 -6 -7 -8
leaf_value=-2.0038441608943478e-05 -8.404683345588596e-05 4.7633794747953325e-06 0.00010644201695597282 -4.3607525140730262e-05 -6.4793140229837748e-07 2.3306999507084889e-05 -4.2323525068842497e-06
leaf_weight=36 54 20 20 24 26 20 20
leaf_count=36 54 20 20 24 26 20 20
internal_value=0.000681817 0.00293651 0.00113207 0.00357143 0.00695652 -0.00234043 -0.00364865
internal_weight=220 126 106 70 46 94 74
internal_count=220 126 106 70 46 94 74
is_linear=0
shrinkage=0.05


Tree=103
num_leaves=7
num_cat=0
split_feature=22 32 32 0 28 0
split_gain=0.483357 0.668353 0.682471 0.459574 0.265543 0.0376543
threshold=25048.090967750002 4298.2541431156869 7162.2624687969519 107454.02 -3227.433855216615 107240.895
decision_type=2 2 2 2 2 2
left_child=1 4 -3 -4 -1 -6
right_child=-2 2 3 -5 5 -7
leaf_value=9.5639453552515962e-07 2.1017274672301515e-06 1.4983791647818832e-05 4.051492234663207e-06 -0.00014974175478937933 -6.0140039464740188e-05 -9.5282239129814681e-06
leaf_weight=34 25 33 20 27 20 61
leaf_count=34 25 33 20 27 20 61
internal_value=0.000454544 -0.000384617 0.003125 -0.000744682 -0.00282609 -0.00438272
internal_weight=220 195 80 47 115 81
internal_count=220 195 80 47 115 81
is_linear=0
shrinkage=0.05


Tree=104
num_leaves=8
num_cat=0
split_feature=9 15 22 7 26 27 25
split_gain=0.564868 0.557724 0.355547 0.28084 0.538782 0.283333 0.136422
threshold=0.027545829086590975 0.01868695828099029 23052.129125125004 -0.0032904772716255432 114683.2112014517 106428.45000000001 -0.025404865300049179
decision_type=2 2 2 2 2 2 2
left_child=2 -2 3 4 5 -1 -5
right_child=1 -3 -4 6 -6 -7 -8
leaf_value=1.6684335838250522e-06 1.6006699931419985e-05 -9.1353433338450224e-05 8.1784797122721032e-07 -6.4128383427315499e-05 2.6009352534406846e-05 -2.7459600509212454e-05 -3.6051385362246967e-06
leaf_weight=20 21 20 25 53 26 34 21
leaf_count=20 21 20 25 53 26 34 21
internal_value=0.000681817 0.00597561 -0.000530727 -0.00142857 0.000624999 -0.00222222 -0.00364865
internal_weight=220 41 179 154 80 54 74
internal_count=220 41 179 154 80 54 74
is_linear=0
shrinkage=0.05


Tree=105
num_leaves=9
num_cat=0
split_feature=38 9 21 4 4 15 19 0
split_gain=0.584759 0.946814 0.610001 1.41455 0.581392 0.896412 0.235714 0.0282609
threshold=650.47540579158522 0.035368114392512189 423.81499999999511 11270.127720000002 15822.982140000002 0.018275298811075157 4295.9450000000006 107883.01500000001
decision_type=2 2 2 2 2 2 2 2
left_child=1 2 7 -4 -5 -6 -7 -1
right_child=-2 -3 3 4 5 6 -8 -9
leaf_value=-5.6887476575921175e-05 -9.8841972419123845e-05 1.0860615485859535e-05 9.9201514633783452e-06 -6.0070745759439472e-05 2.6886047104325336e-05 1.589978484930828e-05 -8.73004651278269e-05 -9.2725058507965024e-05
leaf_weight=20 33 20 20 33 26 20 22 26
leaf_count=20 33 20 20 33 26 20 22 26
internal_value=0.00113636 0.00221925 0.000988023 0.00285124 0.000445543 0.00308823 -0.00142857 -0.00391304
internal_weight=220 187 167 121 101 68 42 46
internal_count=220 187 167 121 101 68 42 46
is_linear=0
shrinkage=0.05


Tree=106
num_leaves=7
num_cat=0
split_feature=15 34 36 15 37 20
split_gain=0.526884 1.11912 0.723419 0.524025 0.259845 0.139706
threshold=0.01856623306755428 40.315973322980291 342.79520797260926 0.013256723257781088 1586.1641601792071 555.42500000000302
decision_type=2 2 2 2 2 2
left_child=1 -1 -3 -4 5 -2
right_child=4 2 3 -5 -6 -7
leaf_value=3.4248152882063595e-06 -2.6090578223157691e-05 -4.2135623322681817e-07 -1.4397713479671031e-05 2.3284683512659482e-05 2.0115080540582322e-06 -0.00013262570453376207
leaf_weight=21 34 31 33 38 25 38
leaf_count=21 34 31 33 38 25 38
internal_value=0.00136364 0.00353658 0.00137255 0.00415493 -0.00139175 -0.00291667
internal_weight=220 123 102 71 97 72
internal_count=220 123 102 71 97 72
is_linear=0
shrinkage=0.05


Tree=107
num_leaves=8
num_cat=0
split_feature=21 32 32 34 28 4 0
split_gain=0.647758 0.623285 0.746347 0.806852 2.07237 0.875 0.0282609
threshold=1169.0649999999953 -2273.1417815395175 1234.6822245906517 74.239353626195907 3141.858133685259 11783.793495000002 107883.01500000001
decision_type=2 2 2 2 2 2 2
left_child=1 -1 -3 4 5 -4 -2
right_child=6 2 3 -5 -6 -7 -8
leaf_value=3.5686555015638669e-06 -1.058100866688687e-06 -2.0348497328772628e-05 2.331753827577046e-06 -0.00010138653775629519 0.00048763941115159096 -0.00018809828484548334 -0.0001145583390589245
leaf_weight=32 20 35 28 31 20 28 26
leaf_count=32 20 35 28 31 20 28 26
internal_value=0.00136364 0.00275862 0.00133803 0.00341121 0.00618421 0.00125 -0.00391304
internal_weight=220 174 142 107 76 56 46
internal_count=220 174 142 107 76 56 46
is_linear=0
shrinkage=0.05


Tree=108
num_leaves=6
num_cat=0
split_feature=15 37 11 4 34
split_gain=1.05499 1.4663 0.591692 0.537634 0.275269
threshold=0.01868695828099029 1.0000000180025095e-35 -0.039337411407244227 11544.868195000003 62.864895988691565
decision_type=2 2 2 2 2
left_child=1 -1 -2 -3 -5
right_child=2 3 -4 4 -6
leaf_value=3.0706181428680926e-06 0.0001503617837071231 2.19797505241966e-06 -5.3211362972819677e-05 -5.9357698967919264e-05 6.8570814487620472e-06
leaf_weight=33 21 31 73 32 30
leaf_count=33 21 31 73 32 30
internal_value=0.00113636 0.00412698 -0.00287234 0.000913977 -0.00177419
internal_weight=220 126 94 93 62
internal_count=220 126 94 93 62
is_linear=0
shrinkage=0.05


Tree=109
num_leaves=7
num_cat=0
split_feature=15 37 13 20 34 5
split_gain=1.178 1.34059 0.600867 0.633575 0.444444 0.381511
threshold=0.01868695828099029 1.0000000180025095e-35 0.059410550638028213 690.87500000000011 51.62826514674726 -0.011325558414186676
decision_type=2 2 2 2 2 2
left_child=1 -1 3 4 -3 -2
right_child=5 2 -4 -5 -6 -7
leaf_value=2.9170872357247124e-06 2.9813757885700247e-05 -0.00021266073188500685 -7.7939941709394845e-05 4.7802018589607651e-05 1.4402435717765532e-06 -5.7736773890134665e-05
leaf_weight=33 29 20 26 22 25 65
leaf_count=33 29 20 26 22 25 65
internal_value=0.00136364 0.00452381 0.00145161 0.00395522 0.000555554 -0.00287234
internal_weight=220 126 93 67 45 94
internal_count=220 126 93 67 45 94
is_linear=0
shrinkage=0.05


Tree=110
num_leaves=7
num_cat=0
split_feature=15 37 0 21 5 30
split_gain=0.938755 1.59764 0.600203 0.4 0.381511 0.124528
threshold=0.01868695828099029 1.0000000180025095e-35 108966.33000000002 594.38000000000477 -0.011325558414186676 112039.13425335991
decision_type=2 2 2 2 2 2
left_child=1 -1 3 -3 -2 -4
right_child=4 2 5 -5 -6 -7
leaf_value=2.7712328739385095e-06 2.8323069991415204e-05 -2.4973756958663691e-05 -1.4842174561318506e-05 4.2832208628976887e-05 -5.4849935195627904e-05 -2.3805643075222101e-05
leaf_weight=33 29 20 20 20 65 33
leaf_count=33 29 20 20 20 65 33
internal_value=0.00090909 0.00373016 0.000376343 0.005 -0.00287234 -0.00311321
internal_weight=220 126 93 40 94 53
internal_count=220 126 93 40 94 53
is_linear=0
shrinkage=0.05


Tree=111
num_leaves=6
num_cat=0
split_feature=15 37 35 11 17
split_gain=0.865802 1.87721 0.438448 0.332827 0.132203
threshold=0.01868695828099029 1.0000000180025095e-35 2649.2046428571439 -0.039337411407244227 0.016207654635935639
decision_type=2 2 2 2 2
left_child=1 -1 -3 -2 -4
right_child=3 2 4 -5 -6
leaf_value=2.6326712302416164e-06 0.00013993685719827762 9.4705974132658187e-06 -1.2851007485086387e-05 -5.3457636218034459e-05 -1.4122205540505227e-05
leaf_weight=33 21 34 20 73 39
leaf_count=33 21 34 20 73 39
internal_value=0.000227272 0.00293651 -0.000698926 -0.00340426 -0.00330509
internal_weight=220 126 93 94 59
internal_count=220 126 93 94 59
is_linear=0
shrinkage=0.05


Tree=112
num_leaves=7
num_cat=0
split_feature=15 37 20 13 5 5
split_gain=0.829304 1.7346 0.414747 0.642857 0.703247 0.381511
threshold=0.01868695828099029 1.0000000180025095e-35 357.24500000000268 0.059410550638028213 0.00039469453972758485 -0.011325558414186676
decision_type=2 2 2 2 2 2
left_child=1 -1 -3 4 -4 -2
right_child=5 2 3 -5 -6 -7
leaf_value=2.5010376687295759e-06 2.7645859823820708e-05 -2.5795159181193962e-05 -1.4724240113658768e-06 -7.0740015815197761e-05 8.6744676185376499e-05 -4.9434556624944753e-05
leaf_weight=33 29 30 22 21 20 65
leaf_count=33 29 30 22 21 20 65
internal_value=0.000681817 0.00333333 -0.000161292 0.00214286 0.00571428 -0.00287234
internal_weight=220 126 93 63 42 94
internal_count=220 126 93 63 42 94
is_linear=0
shrinkage=0.05


Tree=113
num_leaves=6
num_cat=0
split_feature=15 37 11 3 20
split_gain=0.662628 1.62212 0.332827 0.327152 0.248239
threshold=0.01868695828099029 1.0000000180025095e-35 -0.039337411407244227 105934.56000000001 765.68499999999779
decision_type=2 2 2 2 2
left_child=1 -1 -2 -3 -5
right_child=2 3 -4 4 -6
leaf_value=2.3759857852930321e-06 0.00013155772318491289 7.5934676380515978e-06 -5.2167047398323754e-05 -1.228077098908864e-05 -3.4876639157296403e-06
leaf_weight=33 21 22 73 47 24
leaf_count=33 21 22 73 47 24
internal_value=-0.000227274 0.00214286 -0.00340426 -0.00123656 -0.00288733
internal_weight=220 126 94 93 71
internal_count=220 126 94 93 71
is_linear=0
shrinkage=0.05


Tree=114
num_leaves=7
num_cat=0
split_feature=0 15 35 15 4 0
split_gain=0.444809 0.598288 0.913629 0.631238 0.449028 0.034127
threshold=117303.57500000001 0.01868695828099029 3170.4064285714289 0.013256723257781088 27336.758478500004 108966.33000000002
decision_type=2 2 2 2 2 2
left_child=1 2 3 -1 5 -3
right_child=-2 4 -4 -5 -6 -7
leaf_value=-5.0931728201734815e-06 -6.4560904375122755e-05 -5.3310799905310957e-05 4.173800706696408e-06 4.20838386491583e-06 2.4331302800696674e-06 -1.2264190145082625e-05
leaf_weight=37 37 43 23 38 22 20
leaf_count=37 37 43 23 38 22 20
internal_value=-1.19209e-09 0.00101093 0.00367347 0.000999999 -0.00205882 -0.00420635
internal_weight=220 183 98 75 85 63
internal_count=220 183 98 75 85 63
is_linear=0
shrinkage=0.05


Tree=115
num_leaves=6
num_cat=0
split_feature=35 32 13 25 20
split_gain=0.910672 0.44652 1.28333 0.26862 0.169643
threshold=2484.2385714285715 -2273.1417815395175 -0.049920481924442435 -0.81285106439421095 940.53499999999633
decision_type=2 2 2 2 2
left_child=-1 2 -2 -3 -5
right_child=1 3 -4 4 -6
leaf_value=1.3929559891000902e-06 -7.2326291293673547e-05 7.5353994941092399e-07 0.00012841256539752375 -8.9914312286324045e-05 -3.2980164314856536e-06
leaf_weight=36 22 30 20 76 36
leaf_count=36 22 30 20 76 36
internal_value=0.000227272 -0.00119565 0.00333333 -0.00253521 -0.00366072
internal_weight=220 184 42 142 112
internal_count=220 184 42 142 112
is_linear=0
shrinkage=0.05


Tree=116
num_leaves=5
num_cat=0
split_feature=35 37 5 9
split_gain=0.92725 0.292353 0.273671 0.164602
threshold=2501.3374999999992 2703.0427305646622 -0.013746811194968385 0.032243635649374082
decision_type=2 2 2 2
left_child=-1 2 -2 -4
right_child=1 -3 3 -5
leaf_value=1.4421005378803407e-06 5.0833196515729687e-05 5.3547899244304738e-07 -2.7708477607776068e-05 5.9526618802380364e-07
leaf_weight=39 33 35 93 20
leaf_count=39 33 35 93 20
internal_value=-0.000454547 -0.00196133 -0.00294521 -0.00411505
internal_weight=220 181 146 113
internal_count=220 181 146 113
is_linear=0
shrinkage=0.05


Tree=117
num_leaves=6
num_cat=0
split_feature=35 26 15 9 34
split_gain=0.810625 0.513508 0.67413 0.224359 0.336922
threshold=2501.3374999999992 105305.13490361061 0.020237891631932441 -0.004022638158365714 51.209184041610293
decision_type=2 2 2 2 2
left_child=-1 2 -2 4 -3
right_child=1 3 -4 -5 -6
leaf_value=1.3699955109862954e-06 1.9498709148471557e-06 -5.0278564016810046e-06 -5.4346725720340709e-06 -4.3824350643382317e-05 4.1934685371107919e-05
leaf_weight=39 20 38 31 70 22
leaf_count=39 20 38 31 70 22
internal_value=-1.19209e-09 -0.00140884 0.00284314 -0.00307692 -0.000833335
internal_weight=220 181 51 130 60
internal_count=220 181 51 130 60
is_linear=0
shrinkage=0.05


Tree=118
num_leaves=6
num_cat=0
split_feature=35 25 4 22 37
split_gain=0.755251 0.516742 0.503276 0.113287 0.163636
threshold=2501.3374999999992 -1.0057664544977978 28634.938995000004 14505.813082150004 2926.901044146457
decision_type=2 2 2 2 2
left_child=-1 -2 3 -3 -5
right_child=1 2 -4 4 -6
leaf_value=1.3014957354369348e-06 1.1037567511460383e-06 -1.2958020065699084e-06 3.6835908733244052e-05 -4.0473261669507531e-05 -2.069464402531844e-06
leaf_weight=39 23 20 28 90 20
leaf_count=39 23 20 28 90 20
internal_value=0.000227272 -0.0011326 -0.0021519 -0.00346154 -0.00409091
internal_weight=220 181 158 130 110
internal_count=220 181 158 130 110
is_linear=0
shrinkage=0.05


Tree=119
num_leaves=8
num_cat=0
split_feature=35 25 11 23 19 5 0
split_gain=0.650379 0.438415 0.38925 0.212472 0.659357 0.0363014 0.0272727
threshold=2501.3374999999992 -1.0057664544977978 -0.042112448391832154 -0.021668917887224668 3409.0650000000028 -0.0067107003756758116 107883.01500000001
decision_type=2 2 2 2 2 2 2
left_child=-1 -2 -3 5 -5 -4 -6
right_child=1 2 3 4 6 -7 -8
leaf_value=1.2364209486650944e-06 1.0485689135887042e-06 0.00011764336977698961 -0.00016254431875339784 1.2960723713165633e-06 -6.2782545477775155e-05 -8.961901660770017e-05 -4.7806224114950444e-05
leaf_weight=39 23 20 20 21 20 53 24
leaf_count=39 23 20 20 21 20 53 24
internal_value=0.000681817 -0.000580112 -0.00151899 -0.00246377 -0.000384617 -0.00431507 -0.00386364
internal_weight=220 181 158 138 65 73 44
internal_count=220 181 158 138 65 73 44
is_linear=0
shrinkage=0.05


end of trees

feature_importances:
vol_std_10=51
open=47
log_return_1=43
atr=42
upper_wick=41
log_return_6=39
log_return_12=37
log_return_3=36
volume=31
high=24
rsi=23
volume_zscore_50=22
ema_20=22
price_minus_ema_50=22
volume_mean_20=21
macd_hist=20
price_minus_ema_20=19
lower_wick=18
log_return_2=16
vol_std_20=16
macd_signal=16
volume_zscore_20=15
sma_20=15
candle_range=14
volume_mean_50=12
candle_body=11
close=7
vol_std_50=7
low=6
ema_50=6
sma_50=5
macd=1

parameters:
[boosting: gbdt]
[objective: quantile]
[metric: quantile]
[tree_learner: serial]
[device_type: cpu]
[data_sample_strategy: bagging]
[data: ]
[valid: ]
[num_iterations: 120]
[learning_rate: 0.05]
[num_leaves: 31]
[num_threads: 0]
[seed: 42]
[deterministic: 0]
[force_col_wise: 0]
[force_row_wise: 0]
[histogram_pool_size: -1]
[max_depth: -1]
[min_data_in_leaf: 20]
[min_sum_hessian_in_leaf: 0.001]
[bagging_fraction: 1]
[pos_bagging_fraction: 1]
[neg_bagging_fraction: 1]
[bagging_freq: 0]
[bagging_seed: 400]
[bagging_by_query: 0]
[feature_fraction: 1]
[feature_fraction_bynode: 1]
[feature_fraction_seed: 30056]
[extra_trees: 0]
[extra_seed: 12879]
[early_stopping_round: 0]
[early_stopping_min_delta: 0]
[first_metric_only: 0]
[max_delta_step: 0]
[lambda_l1: 0]
[lambda_l2: 0]
[linear_lambda: 0]
[min_gain_to_split: 0]
[drop_rate: 0.1]
[max_drop: 50]
[skip_drop: 0.5]
[xgboost_dart_mode: 0]
[uniform_drop: 0]
[drop_seed: 17869]
[top_rate: 0.2]
[other_rate: 0.1]
[min_data_per_group: 100]
[max_cat_threshold: 32]
[cat_l2: 10]
[cat_smooth: 10]
[max_cat_to_onehot: 4]
[top_k: 20]
[monotone_constraints: ]
[monotone_constraints_method: basic]
[monotone_penalty: 0]
[feature_contri: ]
[forcedsplits_filename: ]
[refit_decay_rate: 0.9]
[cegb_tradeoff: 1]
[cegb_penalty_split: 0]
[cegb_penalty_feature_lazy: ]
[cegb_penalty_feature_coupled: ]
[path_smooth: 0]
[interaction_constraints: ]
[verbosity: -1]
[saved_feature_importance_type: 0]
[use_quantized_grad: 0]
[num_grad_quant_bins: 4]
[quant_train_renew_leaf: 0]
[stochastic_rounding: 1]
[linear_tree: 0]
[max_bin: 255]
[max_bin_by_feature: ]
[min_data_in_bin: 3]
[bin_construct_sample_cnt: 200000]
[data_random_seed: 175]
[is_enable_sparse: 1]
[enable_bundle: 1]
[use_missing: 1]
[zero_as_missing: 0]
[feature_pre_filter: 1]
[pre_partition: 0]
[two_round: 0]
[header: 0]
[label_column: ]
[weight_column: ]
[group_column: ]
[ignore_column: ]
[categorical_feature: ]
[forcedbins_filename: ]
[precise_float_parser: 0]
[parser_config_file: ]
[objective_seed: 16083]
[num_class: 1]
[is_unbalance: 0]
[scale_pos_weight: 1]
[sigmoid: 1]
[boost_from_average: 1]
[reg_sqrt: 0]
[alpha: 0.9]
[fair_c: 1]
[poisson_max_delta_step: 0.7]
[tweedie_variance_power: 1.5]
[lambdarank_truncation_level: 30]
[lambdarank_norm: 1]
[label_gain: ]
[lambdarank_position_bias_regularization: 0]
[eval_at: ]
[multi_error_top_k: 1]
[auc_mu_weights: ]
[num_machines: 1]
[local_listen_port: 12400]
[time_out: 120]
[machine_list_filename: ]
[machines: ]
[gpu_platform_id: -1]
[gpu_device_id: -1]
[gpu_use_dp: 0]
[num_gpu: 1]

end of parameters

pandas_categorical:[]
